1.000000000000000000e+00 3.345327789773791949e+01 -6.926238257082627570e+01 5.469935336586223684e+01 -1.619132135420258578e+01 -9.066200744290048874e+01 -2.706490652137652830e+00 -7.593269087656625516e+01 -1.364714388270268444e+02 5.633274864088058820e+01 -6.610239883333349553e+01 7.847547834663066624e+01 1.194466481933160935e+02
1.000000000000000000e+00 4.363150565149651072e+01 -4.142352147626078818e+01 5.818908278592337524e+01 1.008292218845055288e+01 1.536051407624972853e+01 2.602267316421171017e+01 -1.252258699942213980e+02 -1.350592713563829363e+02 2.385503183722564557e+01 -5.935921393777675803e+00 1.438733900088767825e+02 1.558462500289298305e+02
1.000000000000000000e+00 4.318876793298376526e+01 -4.570449829179227663e+01 -1.692494699355034982e+01 -1.156558148513950357e+01 6.664555882744889459e+01 2.585699118983640687e+01 -7.466188442412209270e+01 -1.158321779080606007e+02 1.068849730419860009e+02 1.138523722532464433e+02 1.048450999528471783e+02 7.090094364268972527e+01
1.000000000000000000e+00 3.506771822246506076e+00 8.407807678841237475e+00 5.960240604286070720e+01 9.955794327048437253e+01 2.564875236517570443e+02 4.883430885299495117e+01 -2.097083230538842713e+01 -1.678329858145635853e+02 -1.027036084945025891e+02 1.173601403182780700e+01 1.087219322614954535e+02 4.658288972710140285e+01
1.000000000000000000e+00 -7.975983226041431351e+01 1.301557597056807083e+02 -2.497925217341927606e+01 3.315172386180377373e+01 1.943880346432653141e+02 -9.364636836610901582e+01 1.377674277753459364e+02 -2.309166516071340141e+02 3.432396428427621515e+01 1.164688298042905217e+02 -1.598108740380782535e+02 2.410291491741765668e+01
1.000000000000000000e+00 -7.382385359072792141e+01 1.188899018796325748e+02 3.638065519713677531e+00 9.125977924243579764e+01 1.832806686641325769e+02 -1.076042377868053563e+02 9.823730118944374112e+01 -4.849436095545546266e+01 8.772072711224004138e+01 1.386376595782891172e+02 -2.268721574752473771e+02 1.958201798505313462e+01
1.000000000000000000e+00 -3.915811912445098386e+01 1.085725874333229370e+02 -1.287921766972025921e+02 -6.119930812032720269e+01 8.398555848883964359e+01 -2.638787592355017750e+02 -1.191947980498721904e+01 -3.593038096816937923e+02 -1.129633859964922067e+02 3.139311067643317301e+02 1.149276957603640881e+02 -1.909688733142834280e+02
1.000000000000000000e+00 -2.928399118851804772e+01 -2.411181820896763384e+01 -3.036295319191597741e+01 -5.491341138644688158e+01 1.547897719797597063e+02 -2.794529112237903234e+01 5.482709971620698752e+01 -1.436787293348004368e+02 -5.898594289755970976e+01 2.781457774750061844e+02 4.238444980097535364e+01 -2.256101370383245808e+02
1.000000000000000000e+00 -1.488138584257171715e+00 -5.493771309368437983e+01 2.091431008471778341e+01 -9.957394344930847296e+01 -7.766325016376853796e+01 -1.156397471143569362e+02 -2.708377987500717268e+02 1.452898827374165194e+02 5.120683610317728096e+01 2.950380229127511029e+02 3.147720099473044542e+01 -4.731672262708345329e+02
1.000000000000000000e+00 -1.289769821684711815e+01 -7.274500650637054378e+01 2.747437624070803963e+01 -1.426734722522790548e+02 -2.606480901097949072e+02 -1.687608545128904893e+02 -2.486867181293059161e+02 3.443871197681594936e+02 5.558203831657642269e+01 -1.269830349960275839e+01 -2.160816085272695659e+02 -2.647195301233824694e+02
1.000000000000000000e+00 -5.056476167088354856e+01 -1.713929698563384818e+01 -3.543025195863553023e+01 5.344654026728719032e+01 9.889498271129983209e+01 -8.478619383012831179e+01 1.866972503157292351e+02 -4.728440731905762107e+01 -4.225826761800675513e+01 1.727571816899509827e+01 -1.198054263711800758e+02 -9.016211314758693618e+01
1.000000000000000000e+00 3.459801459766545406e+00 -1.164116535607367950e+02 5.535394418520837689e+00 -1.318044300048279922e+02 -2.069283700242260409e+02 4.300776557650577558e+01 -5.274842733023194796e+01 3.872309726242701799e+02 -1.311645908739502886e+02 -1.240760505886672149e+02 -1.995643588351327935e+02 -1.422464679631004287e+02
1.000000000000000000e+00 -3.140737710521423764e+01 -1.029489549930952421e+02 -1.030913366789952335e+01 -1.586117276573179709e+02 -3.775391569864472103e+02 -1.740474193766837914e+02 -9.489834079120157639e+00 4.244876675252481846e+02 -5.957052209279800081e+01 -1.609695212572460719e+02 -3.644508171974887034e+01 -7.556828967206421055e+01
1.000000000000000000e+00 -3.766034274694503381e+01 9.615236461981737648e+00 5.989998831857420214e+00 -9.698368272064342932e+00 3.233165639670139058e+01 -6.999826240957955292e+01 2.546844782974737882e+02 6.177656940332034452e+01 6.232441926492496975e+01 5.318978002195535737e-01 -1.361162826800459236e+01 1.681934024520859339e+01
1.000000000000000000e+00 -2.453332107093410741e+01 -1.155157895554793868e+02 -2.022345217285420915e+01 -1.260579734469090170e+02 -3.485490261165411994e+02 8.926488258376465978e-01 -3.241487670517332731e+01 5.344198014381594248e+02 -9.991075895845631294e+01 -1.033613268198959645e+02 -5.971683034704795290e+01 -7.032803451844758058e+01
1.000000000000000000e+00 -4.616062770024463191e+01 -1.213645814716016957e+02 -5.013572531925196074e+01 -1.338614347922433581e+02 -2.321973674074326652e+02 4.387061276005751154e+01 1.241607193938138636e+02 5.411631490885470157e+02 3.417930006579869939e+01 2.824152742703040531e+01 -2.495479207382960141e+01 2.869740431650855328e+01
1.000000000000000000e+00 -1.770415990370177184e+01 -1.098742830486975777e+02 -1.828221291216922850e+01 -7.162876762466464697e+01 -2.375240803489841426e+02 5.300850121137725068e+01 1.022381523857157504e+01 3.634527025314137063e+02 -5.711370935782449010e+01 -6.059616002775970856e+01 1.352081621745898943e+01 -9.039115429703173277e+00
1.000000000000000000e+00 -1.997167989609764049e+01 -7.303978937448732722e+01 3.313863335177636316e+01 -1.373440254158979315e+02 -4.498061773407442843e+02 -5.840380932050747731e+01 4.823682357742288218e+01 6.137727599485092469e+02 -1.486099700181897560e+02 -2.650725759889940036e+02 -1.755642496398463095e+02 -1.848235808177715001e+01
1.000000000000000000e+00 -1.867343168548343968e+01 -1.197058590026878164e+02 2.552648239085718274e+01 -5.818508732498358427e+00 -3.061067444001915305e+01 1.572464739392519846e+02 2.429234221890515073e+02 1.809317219725397763e+02 1.059414602054160071e+02 8.676618665837958133e+01 8.805438764393069562e+01 3.368187724492285895e+01
1.000000000000000000e+00 -2.359865605464819538e+01 -4.434858034391294268e+01 1.910893160401131752e+01 -9.783014870013835207e+01 -2.792701419969408789e+02 -4.331799771311413849e+01 1.239578246593767972e+02 4.931289139857984765e+02 -4.503847719607111344e+01 -1.353210447934995955e+02 -4.177244016166082474e+01 -7.065658129356914685e+01
1.000000000000000000e+00 -2.513616906155368369e+01 -4.659473215423199122e+01 1.298338745932197469e+01 -1.384284347040639034e+02 -2.574507902627399289e+02 -4.297764556849585915e+01 1.280609585286896106e+02 4.754265271127136430e+02 -9.233906548373280998e+01 -7.162056249732978586e+01 -5.622265248775325830e+01 5.728787516029612448e+01
1.000000000000000000e+00 -8.503305552467608663e+00 -1.193108468135583280e+02 -3.635088529538258939e+01 -1.130495527426227795e+02 -2.618579258191954295e+02 6.396746957273441581e+01 -1.097663571348733740e+02 3.895278646460504319e+02 -1.030788770682564177e+02 -1.080735851802008938e+02 -1.191401343605122776e+02 -6.628610334565398432e+01
1.000000000000000000e+00 6.850926274045363584e+00 -1.157057545337214037e+02 4.385193131007896739e+01 -7.368343456871556896e+01 -4.399682276846095874e+02 1.404345773995423770e+02 -1.160773520052051708e+02 7.299995921077951380e+02 -1.389440603691706144e+02 -9.881713488633999987e+01 -4.753028351938843343e+01 -4.659734903148672913e+01
1.000000000000000000e+00 -4.744970670644633515e+00 -2.821274485025685408e+01 4.486388636395831497e+01 -6.307469335347008155e+01 -7.239953003983032431e+00 1.450766839631166079e+02 1.610842926463464551e+02 1.603382615682157848e+02 -9.112355298341586263e+01 5.355991591648108852e+01 -2.497648998967026301e+01 1.809512766067582845e+01
1.000000000000000000e+00 -2.726899880407424348e+01 -4.491279372501526268e+01 1.714963401002043497e+01 -1.087886345037643707e+02 -3.516397439008395622e+02 -4.434624483041146448e+01 1.093953669327881215e+02 5.171236054653049905e+02 -1.252258338465343570e+02 -2.036703568260504085e+02 -6.353009652884679070e+01 5.931588266113706709e+00
1.000000000000000000e+00 -4.481782946296437586e+01 8.425331077003792757e+01 -1.813118453466123725e+01 2.116800076575763256e+01 1.558522123608202037e+01 -7.449970096776614525e+01 3.397551160896352940e+02 1.450887272055759638e+02 4.942293443880022608e+01 7.206142664016937260e+01 -2.581243948410187983e+01 1.253533893308144656e+02
1.000000000000000000e+00 -1.261464583032896059e+01 -8.711798954582070564e+01 3.031194963757074845e+01 -9.160882558897299077e+01 -2.809710232144315114e+02 7.372644987186336607e+01 8.682737759241841502e+01 5.702648570084668336e+02 -3.971275002761218786e+01 -6.950013470149730210e+01 3.663579773429721520e+00 5.774428556255382006e+01
1.000000000000000000e+00 -6.117044967578742387e+01 3.477623179069183834e+00 -1.357932522727078890e+02 -8.422252380333753763e+01 5.752757159690722233e+01 -1.447238777156122183e+02 1.179849688754133439e+02 4.660567889043171164e+01 -5.297510594275911444e+01 1.474717504773133214e+01 -2.613109118486589750e+02 -5.639263928759696398e+01
1.000000000000000000e+00 -7.646460590483314945e+00 -6.728520741346193290e+01 7.049078935491067455e+00 -8.186866635039982043e+01 -2.502755105791776771e+02 3.971976516853999328e+00 1.879941075976043408e+01 4.876071955764678023e+02 -5.512414611970126543e+01 -9.400606812968419490e+01 -6.363355190582179688e+01 2.212713101633727319e+01
1.000000000000000000e+00 -1.759408287296071194e+01 -9.541606190340047533e+00 1.037834703417549633e+02 1.630215222618367221e+01 -7.755853635364863408e+01 -4.991677459271831196e+01 1.459981001749623033e+02 3.143187201747979884e+02 1.292253302001137172e+02 5.072628809612479017e+01 -7.545517104542749109e+01 -1.646295579110135066e+01
1.000000000000000000e+00 -2.410731759674347074e+01 -9.122222286427455629e+01 -1.609770148496908604e+01 -8.566019358334278877e+01 -1.934059144396215686e+02 -2.837264592264585161e+01 5.563517371123515431e+01 3.465792674100540580e+02 -9.341138202613251451e+01 -1.878640727568718489e+02 -1.529874024908721992e+02 -2.004045316371156105e+02
1.000000000000000000e+00 -7.406957610457467922e+00 -7.371972020690412819e+01 3.994129886321250922e+01 -1.798443956005186806e+01 6.692852802007345758e+01 3.356293626102772976e+01 3.420993588677476964e+02 1.229309026349890246e+02 6.175631894487289486e+01 4.130562906179264360e+01 -1.101939837270097513e+02 2.393793860523773276e+01
1.000000000000000000e+00 -4.489625860298176008e+00 -8.934628095712383811e+01 -4.414775439718653161e+00 -1.028769551020138806e+02 -2.779886144855541943e+02 4.598117849845735350e-01 -1.248545917607985416e+02 3.013621108413063325e+02 -1.912521204754202984e+02 -1.846219983760245213e+02 -8.425238984189803659e+01 -1.004658707063761796e+02
1.000000000000000000e+00 -3.776647507987031815e+01 3.702407827092508796e+01 -6.987347822829654831e+01 -8.534031687784923292e+01 -3.709951445974141393e+01 -6.521178515473238235e+01 1.311280652824320896e+02 -7.216058285953673135e+01 -2.410683999448869486e+01 -1.530426208866398952e+01 -8.057242434049847191e+01 -1.537284350885350648e+01
1.000000000000000000e+00 1.980248757685257033e+01 -6.910067375009788293e+01 5.628858325615033209e+01 -8.450949993510116087e+01 -2.019800028631603652e+02 -1.178375839559779195e+02 -4.065119993083555983e+01 3.550498114149213507e+02 1.301327498155945364e+02 9.907422080818577115e+01 1.700203961878270889e+02 4.740563641179289789e+01
1.000000000000000000e+00 2.624723274883261581e+01 4.514023093251842056e+01 3.081451522930184694e+01 -2.056229543056852549e+01 7.484430156147953994e+01 6.277081005059621077e+01 -6.693299816837532035e+01 -1.453989253415701342e+02 -5.917748689599505951e+01 3.927505586150758177e+01 -2.050401929688074887e-01 -7.307206970564256210e+01
1.000000000000000000e+00 1.060122514621723866e+01 1.295234236145182649e+01 8.388737311592745982e+01 -9.439133430806251113e+00 2.535229193906616274e+00 1.064141522683884489e+01 -5.916092846150519335e+01 -4.154735148679180412e+01 -4.340494991339677711e+01 -4.391791935715684758e+01 3.776866990069331820e+01 5.684155449531853321e+01
1.000000000000000000e+00 1.372255889387160721e+01 4.483653902799659363e+00 1.015389587558504161e+02 5.903593818928326442e+01 -1.290218195201256890e+01 3.089673503249913722e+01 -2.762898791072166205e+01 7.759228752249231320e+01 1.730188487972177995e+02 2.725042832962239459e+01 4.792666164413034124e+01 1.067761858284267760e+02
1.000000000000000000e+00 3.030129586627481331e+01 2.278357868879771786e+01 4.435028261424922391e+01 1.131365517604096027e+02 1.026121310817139403e+02 5.508032543485191468e+01 -5.138124177449535068e+01 -1.406627615075578888e+02 -4.026267156759354293e+01 -1.763445034562824389e+02 -1.213451890821014985e+02 3.212320268318422478e+01
1.000000000000000000e+00 -1.220694860936094415e+02 1.806612553097499756e+02 -9.651362687113143579e+01 5.919596329856555883e+01 2.023069330059776689e+02 -1.367595076568937316e+02 2.161624181442121539e+02 3.154394299731720253e+00 3.911472906601148480e+01 2.237914932357349755e+02 1.045172113283860327e+01 2.100772575095034540e+02
1.000000000000000000e+00 -1.315083073380337737e+02 2.304293795457104181e+02 -1.895320604996048246e+02 4.036074664944798940e+01 1.786947403548647344e+02 -1.824808826149742345e+02 2.387145144734012092e+02 -2.283640769279311300e+01 7.269180647158357544e+01 1.939170998492076876e+02 -3.120083124236002448e+01 1.876900746250570364e+02
1.000000000000000000e+00 -1.275804701922197779e+02 2.214751768930007927e+02 -1.780902676415722681e+02 -1.295924921981240630e+01 2.688721614872839609e+02 -1.309238640638204743e+02 6.825415236025982324e+01 -2.091731181376449342e+02 -5.389628113091021078e+00 7.562153199760470557e+01 3.899531614009982405e+01 1.974707880575780905e+02
1.000000000000000000e+00 -9.765025068456053248e+01 1.683147703728305942e+02 -1.689847824882681380e+02 5.819377510541002607e+01 3.043178950223676225e+02 -1.206176495552926298e+02 9.644632758968742792e+01 -1.558046639042894697e+02 6.346617483501745482e+00 1.344391300838847769e+01 -8.991224132153126547e+00 2.196095000069022376e+02
1.000000000000000000e+00 -4.408387477320516723e+01 1.527070063976754000e+02 -1.265225749445863812e+02 -4.375483235174144170e+01 1.877299092024263416e+02 -2.047270472249991258e-01 2.403436391934671406e+02 -1.334983400757063521e+02 -2.205972496092647361e+01 2.369611111524505986e+00 -1.593237629777013069e+02 -6.145335581516813761e+01
1.000000000000000000e+00 -3.094605455001307348e+00 5.496598589334439566e+01 2.358290140091305886e+01 5.295704961665724397e+01 6.385947244291617153e+01 -7.370467340582983695e+01 6.762204799371345132e+01 -9.626016198501244503e+01 -5.857033005206358212e+01 -1.013738819314829129e+02 -5.772523492549600377e+01 1.910877782491218682e+02
1.000000000000000000e+00 4.774297753567751101e+00 -2.297134428914148430e+00 2.533660172302700175e+01 9.028970235504534969e+01 1.535424848865327192e+02 3.522259044714786569e+01 -4.504232416134431105e+01 -2.285024077624725010e+02 -6.519859193324452917e+01 1.087766562328775422e+01 4.549667777830129012e+01 1.908761859767229225e+02
1.000000000000000000e+00 1.937750972418719186e+01 -2.318701915070326436e+01 -2.457029418641977969e+01 -1.719410247038118200e+01 2.152003848393431440e+01 -2.638632055004927679e+01 -9.152880670385826534e+01 -1.291425142840153910e+02 1.828936132298486541e+02 1.793876886967140081e+02 -3.310943420513522994e+01 2.031172822543316840e+02
1.000000000000000000e+00 1.206067260462330637e+01 1.323959022793971485e+01 3.961474882984765600e+01 7.681348518537204484e+01 9.634578134772979752e+01 1.287966063075668899e+02 -2.514343530254879511e+01 -5.409127336627761196e+01 1.352673397285748536e+02 -3.513025193794300094e+01 -7.859246714496720188e+01 -1.691421536488208233e+01
1.000000000000000000e+00 2.892981114203297466e+01 -1.692267102847463889e+01 3.325575887510372297e+01 4.467091784907380259e+01 5.704699488775148097e+01 8.550051639981595031e+01 -4.594867532445792335e+01 -1.454422359003796714e+02 5.007917373124143268e+01 1.775705988223475629e+01 3.163569447415112279e+01 9.257694434240572434e+01
1.000000000000000000e+00 1.570821112056221125e+01 -1.693530418454588471e+01 4.975299278968822136e+01 9.589338220229916487e+01 7.620474798576009334e+01 1.341056853984625548e+02 -1.199821816853835799e+01 -1.814275681895734493e+01 1.644891134528816679e+02 9.489186429016444890e+01 1.043572368846970164e+02 -4.479944138465256742e+01
1.000000000000000000e+00 1.784002750304911444e+01 6.800214539699140914e+00 4.911744893249395716e+01 4.830153396618311490e+01 8.382191366418895484e+01 1.387915350866414315e+02 -4.917327260368810471e+01 -8.260608100499777606e+01 8.316074924636728838e+01 8.294225148816508408e+01 1.460587541715626401e+02 -2.365855984005393964e+01
1.000000000000000000e+00 -1.260532572071911517e+01 -1.213375563927343137e+00 -6.914274706088612277e+01 -3.062217405864227260e+01 2.031574764832400888e+02 1.019731789944715956e+02 5.557048413850736779e+00 -6.673967145720077099e+01 9.157621285582760606e+01 2.321219689664392263e+02 2.346547712918261084e+02 1.630998620311520995e+02
1.000000000000000000e+00 2.752249711574306446e+01 8.133278988898496209e+00 -1.669785758332336911e+01 7.417204019759391542e+01 4.883517879212476487e+01 1.625656400423566765e+02 5.699977884088781366e+01 -7.459313415300570682e+01 2.860086285233174408e+01 1.289583022147201632e+02 1.757579203654927937e+02 -5.347149652448437962e+01
1.000000000000000000e+00 3.753384833302108348e+01 1.504394241224159146e+01 2.071306765754528101e+01 1.092060937893009225e+02 1.169821785213085974e+02 7.125394569641102294e+01 -1.135464633010443549e+02 -1.150523458801393986e+02 1.214626811209100197e+02 9.204357529140338556e+00 6.508570221573752690e+01 7.541854936144778776e+01
1.000000000000000000e+00 1.827241420387974813e+01 3.996730720549578564e+00 6.674199751733812036e+01 -2.174558955143866967e+01 -9.380440290837859152e+01 9.611247753297405438e+00 -3.350585549081506542e+01 1.374432635958661564e+01 7.817358919461040045e+01 2.851602086675040937e+01 2.337315494316719935e+02 8.571345615065158086e+01
1.000000000000000000e+00 8.602306884280821464e+00 -4.846466636886725610e+01 1.504298479222460116e+01 -2.442985804783387493e+01 2.048010632932741260e+01 2.014466561660591992e+01 -2.305815459547508226e+02 -2.222516246743213344e+02 -1.866554743164015520e+02 -1.601036482281435269e+02 -6.727725570243168818e+01 -2.471513145475367423e+02
1.000000000000000000e+00 7.705189204120095781e+00 -5.702397679504741745e+00 -1.279551572407278570e+01 -8.384050304459265135e-01 9.781330126579405260e+00 -6.001709427742930103e+01 1.291287234841399822e+01 -1.214366983028104414e+02 -3.189221386331186636e+01 2.183098656226064804e+00 5.292536774553769874e+01 1.011164305419002147e+02
1.000000000000000000e+00 2.282751387855883252e+01 -3.847833620380754382e+00 2.952718258707461985e+01 3.771992296953307289e+01 5.951104659807242570e+00 -8.200611416540868959e+01 -1.512075897809398839e+01 -2.811451140965478146e+01 1.445823274615087541e+02 -9.666593068882650641e+01 4.891307882102027094e+01 4.652900842785415136e+01
1.000000000000000000e+00 2.545080211206135345e+01 1.131507906455360057e+01 2.096352821263211297e+01 4.948282833134177849e+01 -4.899468566977873252e+00 -6.759029910509667616e+01 -1.015011948257016456e+02 -2.200113116205316430e+02 -7.661359762734423384e+01 2.296860121965187318e+01 1.255557083592207164e+02 -4.343966890064521635e+01
1.000000000000000000e+00 2.428339207084970042e+01 5.666149749537024150e+01 4.100842654645516916e+01 1.658053441223346169e+01 -6.561960268952518049e+01 -1.019888117955696032e+02 -5.999473926543402058e+01 -1.584947849952377794e+02 4.969786627088431175e+01 1.496153031643270026e+02 5.417482801948550275e+01 4.670392820339142048e+01
1.000000000000000000e+00 2.872306555589209154e+01 4.502164215709461814e+01 4.768198815036768679e+01 -1.135389412678318877e+01 -1.676205452921010419e+01 3.793845168601062312e+01 9.287954598125338634e+00 -1.044857206347075476e+02 -8.026295569547585274e+00 1.481859023801831654e+01 1.869822375007431106e+02 2.855833774689168649e+02
1.000000000000000000e+00 -6.040146305917261316e+00 -3.903943750805140667e+01 -6.146067901885017903e+01 -4.336280258200848436e+01 -8.262531341088012482e+01 -9.828830716654245236e+00 -1.499576143662712866e+02 -3.049323886034346174e+02 -1.172636322397124218e+02 -2.153933590848247377e+02 -3.343311092835097611e+02 -3.519068890166341248e+02
1.000000000000000000e+00 1.387595797046779467e+01 2.310570484075381614e+01 2.698855345170559872e+01 -1.469331488364468896e+01 -5.067783542084302439e+01 7.195735743765206394e+01 1.326350297595712959e+02 -5.710976185058839860e+00 3.171641060542370383e+01 -9.042712761202034244e+01 -7.421542838720368707e+01 -5.172262925193926719e+01
1.000000000000000000e+00 1.966358841406933777e+01 -1.583099601081264041e+01 -1.234730501773499611e+01 6.654988890755748798e+01 7.082044226970168666e+01 1.040637514502528234e+02 1.834203061604250706e+01 -1.033246756395200094e+02 -1.092150473485337159e+01 -1.864917846887694850e+02 -1.264008609834507091e+01 -6.449261154997036272e+01
1.000000000000000000e+00 2.922102256406807896e+01 -5.723003907823368763e+00 3.419718811468851527e+01 1.727054651381363470e+01 9.840437936232918048e+01 2.322546557019026636e+01 -1.144914112877083312e+02 -1.172311302499934413e+02 1.334742989184007058e+02 1.183358492408556089e+02 3.697330531872831472e+01 9.619064839575284509e+01
1.000000000000000000e+00 6.214431799409467772e+00 3.913400646040852848e+01 -3.577430824578780744e+01 6.926234586630855006e+00 8.611713280691813566e+01 6.374557864120271233e+01 6.454341646199634397e+01 -5.686193364699306585e+01 2.594518585079910622e+02 1.936999040817114803e+02 5.835318563866923114e+01 1.138562449811705903e+02
1.000000000000000000e+00 2.154058339497751717e+01 -2.285862737448474036e+01 5.252838106379222438e+01 5.351990055884193964e+01 1.083873163824617336e+01 4.234691725799197570e+01 -8.369048013252859164e+01 -1.179768476111499069e+02 4.413041452513235896e+01 7.530044402824046301e+01 2.920734937267482110e+02 2.152791196583418696e+02
1.000000000000000000e+00 3.090360030414956327e+01 4.458379308917002959e+01 2.266879792266189497e+01 -3.993237760338068654e+01 5.662793247891590909e+01 8.636810222436324125e+01 -1.805313648468441556e+01 -1.326376413988252239e+02 -1.247357071981204513e+01 -1.595719283535347017e+02 9.764816938864790075e+00 1.747150903146126666e+01
1.000000000000000000e+00 3.197257155470232703e+01 4.149060212248437551e+01 -2.246430189002524003e-02 2.559281580349328777e+01 3.195357870050148108e+01 -6.392113195944503445e+01 -4.226895387168892171e+01 -1.087753931567389429e+02 -1.238072718376724879e+01 1.283406075038352867e+02 -3.851665535434062093e+00 -1.115027631508563815e+02
1.000000000000000000e+00 2.620221647016448685e+01 1.142569710607503453e+01 4.907176087345141013e+01 6.521733834691991660e+01 -2.186149625419616882e+01 1.143459772049755259e+02 -1.786756452788640104e+01 2.815804932524300597e+01 1.530083789531832963e+02 1.783394856013998719e+01 1.200814167506485290e+02 5.708541035512384099e+01
1.000000000000000000e+00 1.887218933643515584e+01 -2.513733901207530153e+01 1.646645345214092515e+01 8.772569822127238126e+00 3.391939433424246886e+01 3.635486033063813238e+01 -1.804358662745477204e+02 -2.750453593305011850e+02 -8.959491293388018107e+01 -7.442071827414270047e+01 -1.080771260209069737e+02 -8.303330388830168829e+01
1.000000000000000000e+00 3.605683411985505415e+01 1.581924440339895455e+01 7.943649588838809450e+00 5.721613605281771697e+01 4.471053300537323594e+01 -4.144188205596158525e+00 -6.488192264803666376e+01 -1.611778122511715310e+02 1.461069314538680715e+02 -5.942700728584208036e+01 -1.366680431169840801e+02 1.217576101374687312e+02
1.000000000000000000e+00 2.169684272286932014e+01 -1.513665212478301214e+01 1.918871965196350970e+01 -1.857385554046744858e+01 -9.279114680041772090e+00 1.369364111215313073e+01 -4.101960864106121107e+01 -1.843716095570584343e+02 -7.915406079126853456e+01 -5.610872925500200381e+01 -6.779791097689498258e+01 -2.282864553225343798e+02
1.000000000000000000e+00 3.218995737036031812e+01 -1.074927304088140545e+01 -7.665385015314370776e+00 -1.112132511516587385e+01 -1.707632277376114871e+01 8.209585002737063064e+01 -3.128561503436196745e+01 -1.264528081020339982e+02 4.433533601408063163e+01 3.587930066495971460e+01 1.058646422428282534e+02 6.780905220715212067e+00
1.000000000000000000e+00 -1.228399168418111742e+01 -4.720307131591113148e+00 8.777491699914975243e+00 1.973825354067036386e+01 8.100621310956023535e+01 -4.095874503396769484e+01 1.435566574149271446e+01 -1.420522734890524532e+02 -8.683748681502160593e+01 3.352152577025009350e+01 -1.307662755482557593e+01 1.423913477094045277e+01
1.000000000000000000e+00 2.739264194738012748e+00 -4.134027484955896625e+01 1.858719788351940849e+01 8.219295596734781384e+00 5.486176558085216470e+01 1.429825747326244993e+02 -9.794921688124367165e+01 -2.073161967671258310e+02 -3.896853692386007424e+02 -2.473807846375796657e+02 -6.498279118267406318e+01 -1.034488930298873441e+02
1.000000000000000000e+00 7.428353358675678919e+00 -3.405920242343654536e+00 -3.715035096708663787e+01 7.092876279795392236e+01 -3.176885063935174003e+01 2.232258114749700439e+01 -6.754859832021480770e+01 -2.329124118378484809e+02 -1.066387294195690174e+02 -7.759325938357807217e+01 -3.419840092404650278e+01 -1.796582891768890136e+02
1.000000000000000000e+00 2.899025154726022890e+01 4.654245080104581689e+01 4.899426098844685384e+01 1.417163731978411079e+01 1.021184704988809244e+02 6.638695112550539079e+01 3.043714996673918449e+01 -1.343293895608986332e+01 4.443835157208533104e+01 7.614130472029660268e+01 1.044470208602807304e+02 -2.286415037711586251e+01
1.000000000000000000e+00 9.560906868250484081e+00 -1.193636480520029863e+01 -1.525546582550965269e+01 5.850646940827579812e+01 1.504487474361029058e+02 7.684559993484401730e+01 8.367932999398556149e+01 -9.882411007158833627e+01 -1.020879265686083670e+02 -7.688370242883064520e+01 -7.073435525838503679e+01 -1.418065614699922889e+02
1.000000000000000000e+00 1.336896547137675384e+01 8.444401477591108574e+01 -7.754033914358792856e+00 -1.654331686088589493e+01 6.873585442669593704e+00 -1.222932508044219446e+02 -1.059558990599853701e+02 -2.619053714431104254e+02 -1.631107190637309259e+02 -9.966759294748652565e+01 -1.292491905258174256e+00 -4.826236945359073616e+01
1.000000000000000000e+00 2.569136468012523267e+01 4.304232630452301578e+01 5.962227902364318766e+00 3.238766762450675429e+01 1.167906062687250852e+02 -2.233529520088816867e+01 -1.314842605396112276e+02 -2.284692807072584060e+02 -9.082683784608903466e+00 7.873817341537824177e+01 1.159001718687080000e+02 5.907743868876092819e+01
1.000000000000000000e+00 3.587202360789929401e+01 3.164759233961785867e+01 2.210229748707509145e+01 7.185324878661745629e+01 1.251183228883368344e+02 -7.872625115339226909e+01 -8.965652208484976882e+01 -6.079802605577723540e+01 8.063273049682160831e+01 1.531949758616529493e+02 1.255221557719748233e+02 -6.650661662083201975e+01
1.000000000000000000e+00 2.724274896443209570e+01 -5.373695047027467808e+00 -3.092332382706570826e+01 1.542996827773231416e+01 8.114457850999112054e+01 2.817515633292886434e+01 -1.346694359856620054e+02 -1.833149458824661906e+02 -3.981771177838103881e+01 7.771017205880022516e+01 -3.406027305446651354e+01 -8.521270127569390240e+01
1.000000000000000000e+00 1.883153326036550368e+01 -1.950117234646253905e+01 -2.103637500270616556e+01 2.347390202447025587e+01 1.345626405304170419e+02 1.580033588288854105e+02 3.920355733990450631e+01 -3.113065221011986949e+01 -1.429458934377693424e+01 -1.473572465069478312e+02 -1.422712467713856483e+02 -2.550733169198757651e+02
1.000000000000000000e+00 3.199660205176719785e+01 1.551664588142642742e+00 1.781511990221063968e+01 -3.261673622230844671e+01 -1.043278047197551928e+01 4.398794430791227228e+00 -1.451302276006512102e+02 -1.752434616614458776e+02 -6.605153817407594374e+01 -5.236967047054264413e+00 7.567824233715840876e+01 1.979179726494268721e+01
1.000000000000000000e+00 2.079448002659778183e+01 3.802734517874503695e+01 5.240693545849882184e+01 1.101157036653766852e+02 5.828718291039544397e+01 1.143312595260042315e+02 2.304037573397047822e+01 -2.189872107515311654e+02 -1.452900047674318103e+02 -2.623716048167955819e+02 -9.359592977594135732e+01 2.890801025628182686e+01
1.000000000000000000e+00 2.727055946608759029e+01 1.801892971139304223e+01 5.597199172722937988e+00 -1.964511175606165239e+01 -7.914491957471511796e+00 1.007250178288792597e+01 -4.427759568309573979e+01 -9.475435956836048490e+01 5.504692971928210454e+01 -2.281639094884992005e+02 -1.294987150590694682e+02 -1.139863299489212096e+02
1.000000000000000000e+00 2.403345822205425009e+01 -2.190561545755062411e+01 -7.673438660723827809e+01 -1.100465351040092798e+01 2.718564928093610433e+01 -2.665589898418119219e-01 -3.950751938482022751e+01 -1.945350350685892238e+02 -5.506433954463105351e+01 -3.787676408174553444e+01 -1.015605868281940474e+02 -2.323314869677603269e+02
1.000000000000000000e+00 4.294018587924314545e+01 6.214637548367275599e+01 5.585524971164007013e+01 5.483046950931836250e+01 1.201657569900054909e+02 6.880518878877441580e+01 -7.525260207260697598e+01 -5.842080351954890460e+01 6.835062175509163751e+01 4.849805644189595455e+01 -6.689889973999466122e+01 1.076493885272616637e+02
1.000000000000000000e+00 -1.362934225864904647e-01 -1.239188501530557573e+01 -4.220376390169465708e+01 -3.471580083946548712e+01 -1.049108027208588112e+02 -2.313525777047664178e+02 -2.997666654186047595e+02 -2.763380865008264209e+02 -1.065295792443966150e+02 -1.765921963830444952e+02 -1.503637568618439389e+02 -1.679677182282687227e+02
1.000000000000000000e+00 3.260230822416870922e+01 1.339908526320829196e+01 9.492216885339828991e+00 1.307378367737989606e+02 1.440535483385399118e+02 -6.052071217392526137e+01 -9.823717220005511308e+01 -1.616196964765702830e+02 3.681466081253886813e+01 3.580278189730421445e+00 1.760894836751895411e+02 1.510962481278846212e+02
1.000000000000000000e+00 4.900231793504771360e+01 2.644429579577752065e+01 2.072078247897114522e+01 3.673367357646215225e+01 -6.858096724570688707e+01 1.119437689734586172e+01 2.291769405785098002e+01 -1.441918593738394634e+02 9.952536580664765609e+01 6.273642204732820460e+01 1.203868390985086876e+02 8.862402587238149465e+01
1.000000000000000000e+00 3.841334575264620810e+01 1.801118806732060307e+01 -1.160627346457037135e+01 4.372246622191312326e+01 1.148288097055735619e+02 1.790829239089498515e+01 2.736914592011211766e+01 -1.491042727524358043e+02 -1.300707825493373093e+01 1.010316603039868539e+02 1.517822057837709337e+02 1.549751694777583566e+02
1.000000000000000000e+00 6.940177710833197011e+00 2.700067549130957900e+01 -4.256038048885636726e+01 7.189197165257732536e+01 1.519521607630584299e+02 2.247049196956565709e+01 3.979641414244659359e+01 4.952259709402362375e+00 2.070172044720559938e+02 1.317819036063331168e+02 5.552795801227765793e+01 9.112338044683859550e+01
1.000000000000000000e+00 7.438513502845964354e+00 -3.337546755640218521e+01 -1.877717973721274802e+01 1.166357141005806000e+02 9.080219201536473861e+01 8.713709072974450009e+01 9.323671445823994475e+01 -1.761338410625969857e+02 1.196595710037084643e+02 1.188390995195108673e+02 2.225113584226701562e+02 1.088691620474230035e+02
1.000000000000000000e+00 3.152569351267609932e+01 1.373988759912663227e-01 5.640311763334902651e+01 1.287766702150412641e+02 1.728422110223226014e+02 9.383258277596800667e+01 -6.889709757828853753e+00 -1.577949551202527800e+01 1.674474876916822552e+01 -4.377410265858526373e+01 6.043483587403004265e+01 7.917414636872960898e+01
1.000000000000000000e+00 2.458088508039999454e+01 1.936554687373273964e+01 4.617389882776528509e+01 1.612636514042627596e+02 1.629001588057126924e+02 3.708684030150855904e+01 -1.210946847411264571e+02 -1.069801041764126808e+02 6.453022477277511371e+01 -4.309658813588214343e+01 6.184060544798495584e+01 3.191583553132250728e+01
1.000000000000000000e+00 1.695488434226130892e+01 1.774113510831938356e+01 -7.068972899709085311e+01 3.515100231782454898e+00 -7.032639821714866457e+00 -1.497351976672892988e+02 2.345801168317660768e+01 -8.179947364004021892e+01 6.712169488161295305e+01 1.318076856462467390e+02 2.040352013933660658e+02 7.513441722398736999e+01
0.000000000000000000e+00 -3.093765726097584157e+00 -1.181943344069215982e+02 -6.407977604628098334e+01 -2.991055776409861551e+02 -2.153824914179280654e+02 -1.275112661431478500e+02 -2.269795775578410257e+02 7.517223104010113843e+00 7.752467046523983640e+01 -2.553156089584732058e+00 -3.210875652226893351e+01 -3.844354766837838042e+02
0.000000000000000000e+00 1.529470775726463216e+01 -5.392627974980055683e+01 9.387909822771844048e+00 -1.761418726887365551e+02 -1.500446561631938778e+02 -3.625042163530678607e+01 -1.127439830658117756e+02 1.222286721385923585e+02 2.562161566181256376e+02 8.945352995997974688e+01 9.449889212679310901e+01 -1.185747604896727267e+02
0.000000000000000000e+00 1.067860776078577700e+01 -7.897638944049305110e+00 -3.064966792502661974e+01 -2.293583918291980410e+02 -2.438334857170158614e+02 -1.510873848145155023e+02 -2.114648628828079779e+02 -1.367438219655851128e+02 -1.256646051504911554e+01 -3.707999139699136038e+01 6.948677874448596015e+01 -1.584882813804705961e+02
0.000000000000000000e+00 2.827866555045951102e+01 -1.225285675216326808e+00 1.400007737683523956e+01 -7.712732105561651963e+01 -3.956130138786572559e+01 -4.319155974052866753e+01 2.557478224890573060e+01 1.845879211821516037e+02 1.850733917913962614e+02 2.523062918037352915e+02 1.162875628257278748e+02 -8.932946006155260932e+01
0.000000000000000000e+00 3.291891239750044207e+01 -1.725248428908415121e+01 -2.401747884751414119e+01 -1.389344108124585375e+02 -1.460658561908702495e+02 -9.377289722537724970e-01 9.417754347876913457e+00 -1.939820103399605955e+01 1.107642638562011825e+02 7.798654882454260928e+01 7.118461747566564668e+01 -2.338460747603037362e+02
0.000000000000000000e+00 1.032739921659317872e+01 -4.371319895182054438e+00 3.587238534499842046e+01 -1.963497360512438661e+01 -1.511392558318432293e+02 -7.073286666541451950e+01 4.819185932439955877e+01 -1.470608374802458229e+01 7.585695294415302214e+01 9.022164431304916832e+01 -1.343741869824600599e+02 -1.749049899441090474e+02
0.000000000000000000e+00 9.824880041230958483e+00 -6.572444399005405558e+00 3.619205127560678648e+01 -7.004661120780450290e+01 -1.899466913436779407e+02 -8.331032300820746173e+01 -2.515787000372386473e+01 -3.804506653675501582e+01 3.153714625345843814e+01 -8.037610855348954431e+01 -1.831861035033524558e+02 -2.142971443991802403e+02
0.000000000000000000e+00 1.225190882117328783e+01 -2.759142613188620885e+01 -8.504841248426586731e-02 -7.520375185089542924e+01 -5.873221018346048794e+01 -3.362708954821085428e+01 -4.954549883561817580e+01 6.079609624380105970e+01 1.467740808774661900e+02 2.054052808153342085e+02 7.955087853334480030e+01 -8.076893901135206022e+01
0.000000000000000000e+00 2.052920696670501854e+01 -2.323790439213469483e+01 1.318533627898755256e+01 -1.084969364557762717e+01 -3.220144287676131967e+01 5.249157173835679657e+01 6.252039492845435831e+01 8.168228487833005147e+01 4.716258519650251912e+01 -1.355477140793250612e+01 2.378810209637968853e+01 -2.849450899885663091e+01
0.000000000000000000e+00 2.606726674891602968e+01 -6.506442157518381464e+01 -1.155080164878482378e+02 -1.883539108383295968e+02 -1.594052478517488112e+02 -2.215590188122132815e+02 -3.423924522033581752e+01 -6.076729637865288680e+01 -2.881745440355001620e+01 2.965079709812028597e+01 7.552608245115777663e+01 -4.230761926555946673e+01
0.000000000000000000e+00 2.193916267305238676e+01 -4.322926309216376239e+01 -9.185710345108677188e+01 -1.391635327881794808e+02 -7.200441245532785217e+01 -6.549942118198583785e+01 1.586530103075822495e+01 1.003356944799479322e+02 1.145754651044849055e+02 2.444627168470310608e+02 1.591369795336112531e+02 -3.193333441062469547e+01
0.000000000000000000e+00 1.518140214723327475e+01 -6.396800911897457809e+00 -6.899683502315488681e+01 -1.424096161425078151e+02 -1.035927083609047230e+02 -1.702824282633011421e+02 -1.327760902794064179e+02 2.690267374923365651e+01 1.347624575849116297e+02 6.685417908562722289e+01 1.020932389797652178e+02 -2.061570117296630542e+02
0.000000000000000000e+00 -8.751658462861954035e+00 -1.117282817396966266e+01 4.382150760334782902e+00 1.921246214190976431e+01 -6.735684426917995893e+01 4.958958219874249096e+01 7.711191007415175136e+01 -5.139993455714204629e-01 1.334114444805908590e+02 1.201967213323719079e+02 -5.015072661169851642e+01 -1.350389249291573606e+02
0.000000000000000000e+00 -7.495547595933751417e+00 2.273375609887843041e+01 -4.779887399766609946e+01 8.251510821671633522e+00 -2.215400688047118649e+00 -5.689678151709464515e+01 3.570163436558878800e+01 -7.855623257617872923e+01 4.559655615626704162e+01 1.883629231534140445e+02 1.316577283098803832e+02 1.499061371121828756e+01
0.000000000000000000e+00 -3.977651758099499091e+01 -8.388370715536396460e+00 -6.842482924315126525e+01 1.416730978312408595e+01 6.020180546209262218e+01 -6.631419884255669217e+01 1.359636372724405362e+01 -1.548418799538254120e+01 1.461822993070511245e+01 6.765359553769100387e+01 -1.198388834492718757e+02 -1.570211230996971494e+02
0.000000000000000000e+00 -2.848872713586014171e+01 4.508401437142644852e+01 -2.435855138223240601e+01 4.451318928875146241e+01 1.538401570184903733e+02 1.086812548895182928e+01 -3.445911140043826038e+00 -3.506114338129836483e+01 -4.095925851202886747e+01 9.969905204487645278e+00 -4.899786527054895657e+01 -4.286803302120095793e+01
0.000000000000000000e+00 -5.499025144442741464e+01 3.800455344756419862e+01 -3.892518933083234600e+00 7.613989227488437450e+01 1.687302305264802840e+02 6.516941210528665351e+01 1.011400666357049118e+02 2.329488934053107130e+01 -5.868175786870409638e+00 2.896835705466168776e+01 -8.402135126757444539e+01 2.476132477526560649e+01
0.000000000000000000e+00 -2.408934754308372206e+01 7.820097482585836701e+01 -3.942918643215647734e+01 -6.276571606804174053e+01 -5.827871149342090007e+01 -4.031708121388300725e+01 1.133530088422767506e+02 7.970643788550172815e+01 -3.138611166718852985e+01 -7.502174733047793609e+01 -1.423394390660855606e+02 1.399544861863400911e+02
0.000000000000000000e+00 -2.597557448119001222e+01 2.357607741667619905e+01 -4.565281898860805398e+01 -4.731258123416839823e+01 1.598955518682933530e+01 -9.865135630660020638e+00 7.168857033757088004e+01 -8.759479126712426478e+01 -1.554463503148803341e+02 4.416494251525150361e+01 5.241469969542742291e+01 -2.431043119585082479e+01
0.000000000000000000e+00 -2.806683104772923087e+01 4.775934637917152514e+01 -3.910082807930108117e+01 -3.818018906541379920e+01 2.008356922100936970e+00 2.011125336163048161e+01 6.625624290702563712e+01 -1.371171710150405829e+02 -1.667679551209653539e+02 1.409414987803294252e+02 1.124756263615721394e+02 1.095138234327032194e+02
0.000000000000000000e+00 -2.616727054942413488e+01 4.462244483082010760e+01 -2.376075526006169270e+01 3.884318951933116182e+01 1.322555164750299639e+01 1.315848134270057912e+01 6.651420877043511837e+01 -7.750461562233584800e+01 2.319222906427096120e+01 2.601085971706376654e+02 8.207482525754866742e+01 1.559558915448515961e+02
0.000000000000000000e+00 -2.314378349872429297e+01 6.070290565072099298e+01 -5.443729759594094020e+01 -9.459436837956923583e+00 1.689054908839452196e+01 -1.464367232276739372e+01 4.923601056378198848e+01 -4.233584599265017800e+01 -1.497016505479388968e+02 1.149855307140234828e+02 -1.115742865917938929e+02 5.412511666194412641e+01
0.000000000000000000e+00 -4.097306667363245936e+01 6.907109804251084029e+01 -2.919093710277635978e-01 9.757937765490680704e+01 -4.503728662583125697e+01 -1.373248969753540791e+02 -1.104688981181426897e+02 3.088123529382855992e+01 5.236579401234561715e+01 1.330275509791321724e+02 -2.182630181227324329e+00 -1.589966318019136793e+00
0.000000000000000000e+00 -4.020915024818763328e+01 8.758518360754834475e+01 -2.291665048660567550e+01 6.214831520065634152e+01 2.131918234906190435e+01 -7.214689894246760105e+01 -4.063963240996260851e+01 -1.406103587125614922e+02 -1.863587886236362579e+01 4.062640634312913335e+02 -4.206066764445809270e+01 6.201631089808874719e+01
0.000000000000000000e+00 -2.344350661818613801e+01 1.144355302058909274e+01 -9.835965226524498917e+01 6.022299484073577958e+01 1.258695220611463981e+02 -1.188562656047602388e+02 -4.553508026493281591e+01 1.029140344523294175e+02 6.215407656632807232e+01 1.783808793479220753e+02 -1.389406699804679590e+01 2.221108408082927781e+02
0.000000000000000000e+00 -3.379940851604493446e+01 7.036384925198943563e+01 -1.883295556076147648e+01 1.571509222108607844e+02 7.478343590312832134e+01 -1.972666546982734417e+02 -1.637048719874861291e+01 2.778968092551836833e+01 -1.967519658738218311e+02 -7.210940773672921011e+01 -1.015525471911703477e+02 1.887433746590620842e+01
0.000000000000000000e+00 -4.870563273621461065e+01 -1.612587073001758142e+01 -1.059581075657644078e+02 -8.454895863394692412e+01 -1.122198875163898606e+02 -1.979550440268874922e+02 -1.858585100938238952e+02 -1.810231105835293306e+02 -1.406504505263934277e+02 -1.935369661889070017e+02 -3.178126546618428847e+02 -2.884667158261606801e+01
0.000000000000000000e+00 -7.396079566355829193e+00 6.504680517573005716e+01 6.238631951080810367e+00 2.323988832189615650e+01 -1.380353995939893821e+02 -2.161025014027001703e+02 9.321588388232639133e+00 9.298954106135064990e+01 -1.016235008307897942e+02 -1.665953329223239621e+02 -8.228022902008929407e+01 1.067702093910422718e+02
0.000000000000000000e+00 -9.741667323764254149e+00 -9.051954445184733800e+00 -5.173409032366416938e+01 -6.410504891930420968e+01 -6.741907503279999503e+01 -7.797472030978875068e+01 -3.653661376866099886e+01 -1.090628309786384591e+02 -2.604098203600043462e+02 -1.835777968990063869e+02 -1.966648112479775250e+02 -1.719977965657571417e+02
0.000000000000000000e+00 -9.556439696658163285e+00 -1.640047837126320474e+01 -2.946984215612164348e+01 -5.700421152176839712e+01 6.594721301983943818e+01 -4.782211048226641736e+01 1.971002051211051764e+01 1.860761795940692878e+02 -1.548796242158063308e+01 -1.901043543889740306e+01 -6.448976711072616297e+01 -3.801618183832083275e+01
0.000000000000000000e+00 5.240219199006698858e+00 1.501991305734037496e+01 4.231100864931431715e+01 -1.608761490015101714e+01 3.360503368599009377e+01 -6.128392679443592783e-01 -1.120941987035055263e+02 -1.144431029558334103e+02 -4.059457555849925825e+01 -4.107040788098777284e+01 -1.396722502253369953e+02 -1.012679024477674119e+02
0.000000000000000000e+00 -2.280703201651751222e+00 -1.670108663558494300e+00 -3.686393336819271838e+00 -9.426025160483925802e+00 -3.007643943298447198e+00 -4.483594652687069271e+01 -9.578303420171558002e+00 1.387934894731251916e+02 1.171417459398468139e+02 9.952216249835832684e+01 5.774288071127040922e+01 7.611628912762628829e+01
0.000000000000000000e+00 6.253701169348783395e+00 7.128618026173825228e+01 9.063299287066422494e+01 4.144328471075941422e+01 5.355067115175417314e+01 -4.670776308928963516e+01 9.090256309878674301e+01 6.712615184190923401e+01 -3.948842930917197691e+01 1.111624671365301822e+02 -1.481843233458630493e+01 8.024211690262012553e+01
0.000000000000000000e+00 8.267959190168722827e+00 3.830993435193526153e+01 9.546666952278249596e+01 7.494558214157376597e+01 4.887446043339249968e+01 -2.573216541274585012e+01 8.132980980045282138e+01 1.622461924390194810e+01 6.056907253669317726e+01 1.238020416040585303e+02 6.821202811032539159e+01 1.888344517383940229e+02
0.000000000000000000e+00 1.420333203483294682e+01 3.378033220420848437e+01 4.198417687558034572e+01 7.431510110865689001e+01 1.267987268696585375e+02 1.132306867648930790e+02 -8.669432185610108377e+01 -1.663933560822443951e+02 -1.027070326697508733e+02 -2.022418763408889504e+02 -3.969421690002415914e+01 6.221229583951767950e+00
0.000000000000000000e+00 1.441704401825253612e+01 4.709420696187266486e+01 6.997979255975707247e+01 -3.376114248887139979e+01 7.156637136528016185e+01 -2.129895676870220456e+01 4.838065754639949034e+01 8.362505372687301985e+00 1.342737052437017553e+01 3.829732570784111800e+01 5.183879092967984548e+01 1.396396536174912626e+02
0.000000000000000000e+00 -4.147762926136326911e-01 1.192750521163377186e+01 2.672231038937309933e+01 -1.315383439959290435e+01 8.324868236058921411e+01 -1.307588027929372743e+01 1.103427077887733105e+02 8.207385132426225027e+01 -7.780135921988488690e+01 -1.066943581685160325e+01 -1.595038196632130507e+02 -1.261462222218299729e+02
0.000000000000000000e+00 7.116941022729716515e+00 5.618848538648222757e+00 1.702619702461338846e+01 -7.692816005009923686e+00 2.067237145566906520e+01 7.651274562497053466e+01 2.486305226186360784e+01 -6.528849995648414506e+01 -6.878517801467057780e+01 -3.187291663641008199e+01 5.051034317124319273e+00 1.328687111175116797e+02
0.000000000000000000e+00 1.179072225519942663e+01 7.835919005576059249e+00 5.996909800850667693e+01 5.472465034510689463e+01 1.007377826567065426e+02 5.893645660432744648e+01 1.243295185882352030e+02 8.204581788966513045e+01 -7.124620101396021710e+01 1.156363959268455233e+02 3.511666880645614697e+01 -1.305494896173982511e+01
0.000000000000000000e+00 -1.316758985216441502e+01 -1.660695721179251905e+00 3.430178228595424628e+01 4.128977611065042908e+00 6.614380863669069299e-01 -4.827221064946900952e+01 5.724922007315377925e+01 1.002637521764756059e+02 1.940232118756996726e+01 1.230373825143621787e+02 1.973387384681269907e+01 7.684695554887760238e+01
0.000000000000000000e+00 -2.422409701827232098e+01 -2.925140028765545708e+01 -3.641179140050554253e+01 -6.737258981127507695e+01 -2.539053923405695912e+00 -8.712242096201651975e+01 -7.471685398068238726e+00 -9.004470894586106056e+01 -2.413970539445648740e+02 -7.720696098838449473e+01 -5.809282088338507322e+01 -1.738888293366812832e+02
0.000000000000000000e+00 -2.009573026897982118e+01 6.426098097267214371e+00 4.940683505030719402e+00 -4.673282748027919808e+01 1.329059143072938411e+02 1.012516865958832213e+01 8.187149736380187903e+01 3.877237652242025945e+01 -1.747079339135476346e+02 -1.404680095340002310e+01 -1.162566398366168272e+02 -8.098799972550624204e+01
0.000000000000000000e+00 -1.607350404516458653e+01 -2.572130230259972450e+01 4.169819717994975150e+01 3.319377569060138455e+01 9.921386028887488351e+01 9.712192977817110773e+01 1.879987361510291066e+02 -4.283067850016465172e+00 -1.673402305373412275e+02 -1.978837541830087332e+01 -8.148961828050890688e+01 -1.632498713349496029e+02
0.000000000000000000e+00 -2.558497541658271146e+01 -1.645303443055078674e+01 5.158303298672618098e+01 -1.780857757637219407e+01 -8.649332925137706241e+00 3.105516268474485031e+01 1.728891150445513460e+02 8.474551073982502203e+01 -2.475137237070441643e+01 9.599584808892964816e+01 8.173566057284433839e+01 1.369592985281399820e+02
0.000000000000000000e+00 -9.209492115366138876e+00 -8.918109137984117751e+00 -2.502098845290188223e+01 -1.751369002987741652e+01 7.179837724609586758e+01 6.406303998776871822e+01 1.642234537113171484e+02 3.348589863866718730e+01 5.260630392235622566e+01 1.116902883083819518e+02 4.473475740013829238e+01 -1.826210074181106791e+01
0.000000000000000000e+00 5.003087128943883855e+00 3.875772163686065142e+00 8.448199761093992066e+00 1.744276222160189249e+01 6.723436221048734751e+01 -1.823545918217330808e+01 -7.469155910216375105e+01 -4.170035320236966925e+01 -1.269301864620258868e+02 6.587544400079592322e+01 1.062918143661015336e+01 -1.226155150774319367e+02
0.000000000000000000e+00 -3.510629849843162731e+00 2.043453339886514186e+01 4.762908333976179875e+01 -5.518379104246008637e+01 5.423441015741347826e+01 5.998103467347785056e+01 -5.437492132459301786e+01 -1.179859235946964304e+02 -9.917725438222916523e+01 5.861845878484510308e+01 8.985654271760915890e+01 1.403946499801442371e+01
0.000000000000000000e+00 -7.575957312912215080e+00 -1.729065833559246812e+01 3.210761203080126336e+01 1.358056453043706213e+01 1.692333592267935103e+02 3.619368657336734429e+01 9.162172127335331595e+00 5.012392106395388680e+00 -8.436110225952015185e+01 -1.465416948037254770e+02 -1.213461851291638851e+02 -3.687666385474928177e+01
0.000000000000000000e+00 -6.475144020681955048e+00 2.177469330546614401e+01 5.875497808838256475e+01 -2.682141846151455766e+01 2.143600637222800742e+01 -3.871141276878510951e+00 8.677954584280287875e+00 -3.577065056023268141e+01 -2.027424994247919301e+02 -1.177809570600262958e+02 -1.108222277786420733e+02 -3.327437516692650377e+01
0.000000000000000000e+00 -3.405393959004234716e+01 -3.724447539890920211e+01 -2.803566197523077363e+01 -1.152456617622081296e+02 -7.167842125240733253e+01 -2.330674400995794571e+01 4.038149081748778002e+01 -1.359625778435995187e+02 -1.328648283813269302e+02 -5.815247014350897814e+01 4.333029585045999710e+01 2.770604622697575792e+01
0.000000000000000000e+00 6.913754235349242272e+00 1.626356303798856118e+01 5.586106608323900247e+01 3.211255461667761324e-01 5.315441360897092693e+01 1.050218380433272216e+02 6.047694022764505206e+01 1.146128293572215853e+02 1.754752868294638972e+02 9.995211314640195610e+01 -1.623852508843499436e+02 -1.933837949070782543e+02
0.000000000000000000e+00 -6.095368369943684250e+00 -1.625799349516844927e+01 4.579723198584213151e+01 3.081696964806024752e+01 -1.084326978993380663e+01 -1.593318599876761965e+01 -4.177034033564448379e+01 -1.140694681428138608e+02 -1.971181959562390205e+02 -3.710465886604303876e+01 -4.778021406634611878e+01 -2.106042047142076399e+02
0.000000000000000000e+00 1.099904656166239647e+01 -6.850485974987975624e+00 9.623109603256904165e+01 1.010926769164580747e+02 -4.434753412522428562e+01 -9.634713329777895297e+00 -5.925049552385104334e+01 -5.032203107265604558e+01 -7.148950126408982442e+01 -7.455099223197392178e+01 3.288738016391768326e+01 3.630315826880039509e+01
0.000000000000000000e+00 -3.245127805234704788e+00 -2.324462392493181540e+01 -3.050624954225018115e+01 2.492588055109623113e+01 2.560999846147350922e+01 3.011347581256100980e+01 1.307405043182509417e+02 -2.100177616782170276e+01 -1.154253561620225810e+02 -1.537001903917968662e+02 -4.634824012358332368e+01 -2.240105266780160775e+01
0.000000000000000000e+00 3.642527969376395447e+00 -2.576618028452075748e+01 8.830154138704923383e+00 -2.126570065152047917e+01 -9.270714710335106190e+00 1.140593402145278787e+02 1.216990366722942696e+02 -3.458992692949169623e+01 -1.013119868029380939e+02 -1.578798712848528680e+02 -7.972779149356198047e+01 3.112661738585947546e+01
0.000000000000000000e+00 1.103984974335435254e+01 2.899107806771191775e+01 5.047197717747093293e+01 9.232016766807106478e+01 1.379953483462209363e+01 1.048952619406768605e+01 1.108206878692273705e+02 3.951542234457826908e+01 7.817269833399647894e+01 -8.204199649370939085e+01 -7.312895123146942922e+01 1.276638562360896856e+01
0.000000000000000000e+00 1.109778265951923615e+01 1.925309040473283062e+01 5.524171187764297031e+01 7.995163698914768702e+01 6.978548517508605187e+01 7.257804273827969155e+01 -1.077858519872309131e+02 -1.096984822819873102e+02 -7.674006113512547245e+00 -6.848152388795881507e+00 1.837168419762142548e+02 2.126044636143413413e+02
0.000000000000000000e+00 -1.024158459706496060e+01 -7.023887160520658313e+00 1.606311762720448755e+01 -3.013682731777978319e+01 6.552851634861322339e+01 -6.988182209104726894e+01 3.916980418840302036e+01 2.474009412067646281e+02 -2.728475153592144409e+01 1.715342137114058119e+02 -1.208410308924440812e+01 6.019162609185787005e+01
0.000000000000000000e+00 -2.271838580741573210e+01 4.953235593491456257e+00 1.166369403884701583e+01 -8.655729746823774917e+01 1.020921430881641641e+02 -8.994733253337592771e+00 -2.851874839577433107e+01 1.022762638584743513e+02 -1.684227609137651882e+02 8.649891301958454903e+01 -8.075076812850780072e+01 5.791391248469737718e+01
0.000000000000000000e+00 -3.809941751434457302e+01 -1.747362052797696208e+01 -1.321497105859623744e+01 -9.699601630581075540e+01 -1.892586294335941233e+01 -2.231676735684129369e+02 -4.679899536744959221e+01 -2.276974963067811473e+02 -3.302183429693128573e+02 -8.957178129773753028e+01 -1.232739029157765316e+02 -2.141133937666523934e+00
0.000000000000000000e+00 -1.567947732886244339e+01 1.389334661524097214e+01 1.681510556345152807e+01 -5.787077599375274417e+01 4.702350887621206255e+01 -6.313978858938401828e+01 1.752752985432612931e+01 -4.400283037659917795e+00 -7.330246152927850289e+01 -1.615387011941798789e+01 -1.006620017987279567e+02 -8.457109565562033993e+01
0.000000000000000000e+00 1.349854485248372704e+00 2.297725805349827510e+00 9.787977114851903693e+00 -1.695857657843159672e+01 4.414436603933324932e+00 -4.537591161786732386e+01 -1.034538195792156756e+01 -4.369402538372904132e+01 -6.460833580475045324e+01 -3.783281492832786341e+01 1.180708950242923549e+02 4.068845861186863289e+01
0.000000000000000000e+00 7.894623110717596148e+00 2.265644389870475095e+01 7.480534513404859354e+01 7.709934345241639164e+01 -1.774217742334064951e+01 7.310129599669598122e+01 -2.243027083783140796e+01 -1.080165635944633209e+02 -1.661807449393914737e+02 -2.273829732682342524e+02 -5.509392513430110228e+01 -1.666459014496577140e+01
0.000000000000000000e+00 7.332706349482746688e+00 -1.517341461484532772e+01 7.085137845014855884e+01 9.541661736550366868e+01 9.099030201180789845e+01 4.407291897456623531e+01 -6.177751593711076339e+01 -7.162864582190709939e+01 -4.063313715707499796e+01 -4.437605776229825949e+01 -1.054471170968101177e+02 -3.114255142921327035e+01
0.000000000000000000e+00 1.160758957078692433e+01 1.072117071526969312e+01 8.098166208966372892e+01 5.245789463443476563e+01 9.490516466631709136e+01 1.100658967398364325e+02 8.586400560354923073e+01 2.363651797881954053e+02 9.611339802007114486e+01 6.624893213387252899e+00 1.039089601758745118e+01 8.199142168396156194e+01
0.000000000000000000e+00 6.886733033345566746e+00 -2.724349894109309389e+00 6.812576920411461856e+01 7.381707536114131329e+00 1.230993157511203435e+02 1.478561295824513024e+02 9.836034530991346969e+01 2.072615849093556761e+01 -9.934050868336800022e+01 8.749827681670204527e+01 5.887430909981000582e+01 1.906644926276828755e+01
0.000000000000000000e+00 -1.598970797937335320e+00 1.691644366582607972e+01 7.072262463715155434e+01 8.196749758318992463e+01 1.560812659014194423e+02 9.516927126382154256e+01 5.862993110577417788e+00 -2.570874163997572737e+00 1.238304085032265789e+01 5.391942087438707887e+01 -1.993676277942374497e+01 -3.191970579637842320e+01
0.000000000000000000e+00 3.759698931273776523e+00 -1.215372690694972846e+01 2.969363496489203413e+01 -3.159481324747310893e+01 2.414457613017854953e+01 8.955675564098524433e+01 9.522751797995586287e+01 -6.100897647904034216e+00 -4.323224771679269907e+01 1.263155687404222363e+02 1.949532367305787943e+02 -2.405759894003863053e+01
0.000000000000000000e+00 9.703384134125684568e+00 4.351994485080524555e+00 2.312002890379043762e+01 3.734784998273434553e+01 5.544956431295345567e+01 3.353216691200432109e+01 9.777826943293085549e+01 -1.021670579011689028e+02 -1.696783854363658577e+02 -2.668284301243637628e+02 -6.927045313788120495e+01 -3.641486783324852183e+01
0.000000000000000000e+00 1.409325851239553629e+01 1.441525709654193577e+01 8.163822297787388038e+01 9.181391279727525045e+01 -1.804690840283801379e+01 4.876700176590220792e+01 -5.566313134435155519e+01 -2.577344211391860540e+01 -8.914076769410073098e+00 -4.580853470344256095e+01 5.672963024170775981e+01 3.657164749478123866e+01
0.000000000000000000e+00 -1.146817019583712494e+01 -2.868179708388151994e+01 -2.873127120924671374e+01 -1.686653381007045027e+01 -8.596652676147104444e+01 -1.310111856624613438e+02 1.725180320126757039e+01 -1.271962872189045584e+02 -1.345334725201884680e+02 -1.874480105571046238e+02 -1.111812516789218108e+02 -1.621178312675389179e+02
0.000000000000000000e+00 9.596189217781219583e+00 4.707449133358664994e+00 -1.581973516864429286e+01 -2.174598565550643769e+01 -1.749367007349655978e+01 -5.817266204067058055e+01 -1.369318008401294762e+01 4.543239267047474783e+01 6.010197199572838400e+01 -6.633214767389745248e+00 -3.496134702807638917e+01 -1.136257515831883751e+02
0.000000000000000000e+00 -2.088571053634480990e+01 2.799810118991570107e+01 -6.311021087075125990e-01 -1.163693294553317088e+02 1.249183538303342118e+02 -1.299616043682424049e+02 1.855894901935697305e+02 1.255180433544948073e+02 -9.973648096697093024e+01 2.046711788609752602e+01 -3.785433507547288912e+01 2.212974450068752503e+02
0.000000000000000000e+00 -1.397085731097057959e+01 1.628980243209885259e+01 2.544460271429907294e+01 -9.074828380639750947e+01 1.359427634316962781e+02 -1.815382886025392111e+02 6.344249266244858632e+00 -6.390044049115610392e+01 -1.598524301378463122e+02 1.540764157888877719e+02 -5.821863625737317705e+01 5.761666555635322595e+01
0.000000000000000000e+00 -2.605272294860452220e+01 -3.638753116198348891e+01 -7.234946289279181997e+01 -9.268150426053968260e+01 -1.982672724067852954e+01 -1.722577463565335165e+02 -6.069889794833592589e+01 -4.825275495955423821e+01 -7.972551930818613641e+01 6.692917781864446169e+01 8.174464306462468244e+00 4.650606617279547095e+01
0.000000000000000000e+00 6.283895815257436901e+00 7.764478698336972684e+00 3.622106144769730918e+01 -5.415892292039701772e+01 -3.652552551261790370e+01 1.461193026561027608e+01 1.868104982730575259e+01 1.363087878686469168e+01 1.620539080690904825e+02 2.356010864870335126e+02 1.302587588874306164e+02 1.974492791170908106e+02
0.000000000000000000e+00 -6.236591218553845017e+00 -2.244469155524254234e+01 -5.847047497182128240e+01 1.740250480207901873e+01 9.498877231095030993e+01 1.767928994444841635e+02 1.526915803970833565e+02 2.118678509609556926e+01 -6.473341155704457606e+01 1.196630692576824089e+02 -1.610543729639380217e+01 -2.257017039425606981e+02
0.000000000000000000e+00 9.726165494146734147e+00 1.428712153949656738e+01 -2.502151568161315964e+01 3.661849685186270165e+01 3.144478861596844865e+01 1.679598632488012555e+00 1.664405986580864010e+02 9.341945518048160579e+01 4.509375553290603023e+01 -1.618466538014783396e+01 -2.380746581088418168e+01 2.856349668954742071e+01
0.000000000000000000e+00 -2.802804820658243656e+00 -8.842889110455303125e+00 -3.020376260363850207e+00 5.059776992133335227e+01 5.699269352031200242e+01 1.261815369111580765e+02 1.086377612493197233e+02 2.307712166175002011e+01 1.186164393341258290e+02 4.047783126160096145e+01 -1.205072965980259880e+01 1.394769341466877677e+01
0.000000000000000000e+00 3.767391227320351810e+00 -1.280710871674581597e+01 1.972656946768002939e+01 5.525787819413018553e+01 2.341258256245247082e+00 6.527432598089564664e+00 -7.724090114512982552e+01 -5.861377664360604456e+01 1.526925078219637726e+02 5.957286923233229459e+01 3.237394951512712282e+00 -5.222468154392531403e+01
0.000000000000000000e+00 3.069177656925355269e+00 -1.219725630782788528e+01 3.753942155676175219e+01 4.444973450598259035e+01 -2.741132795539393641e+01 -4.885053141356214468e+01 -1.284018901001598181e+02 -1.392338575354777390e+02 -1.945099620351988676e+02 -3.235809161476547047e+01 -7.156715513815143481e+00 -7.888581300712232292e+00
0.000000000000000000e+00 5.069079903831935852e+00 3.453623669030605470e-01 4.164808700082149073e+01 5.037059380928857877e+01 5.814550402705975785e-01 1.728437335654513873e+01 7.386308659657700559e+00 5.113159224837202288e+01 3.325983304332591928e+01 1.667138153736425465e+01 1.393767458322563755e+02 -1.816620246941346295e+01
0.000000000000000000e+00 -1.078572297018945036e+01 -6.004401195451774242e+01 -6.095816352606582456e+01 -8.667406019911005899e+00 3.082059936721634585e+01 1.047782564788727768e+02 9.071509262822056030e+01 2.776576857882025706e+01 1.529981428552228806e+01 -8.886886801324602914e+01 -8.013499227290552085e+00 3.401939886046831418e+01
0.000000000000000000e+00 1.372579928813767935e+01 -2.450703467131006619e+01 -2.140224378257555315e+01 -4.709381702227969413e+01 7.789142723122608913e+00 8.678478570854672114e+01 -3.699930362995714717e+01 -2.858071062778715543e+01 -4.344430094883026072e+01 -1.635757576709903560e+01 4.048043164191071241e+01 -1.070076041419206234e+02
0.000000000000000000e+00 -1.969324058687492496e+00 -6.370818201510246581e+01 -1.390007902013724461e+01 -3.047102939895424356e+00 -6.996142116230791430e+01 -2.018488214683521420e+01 -9.487555724268013080e-01 -1.120208375133773586e+02 -5.037415782903653394e+01 -1.691885894643156121e+02 -1.271880664664408300e+01 -1.214612817945985768e+02
0.000000000000000000e+00 1.562945148813588592e+00 -4.266001937133609090e+00 7.314919602751283279e+00 1.516933811496543072e+01 -4.947894886600712283e+01 -6.805782127494427414e+01 -3.494271713371009724e+00 -7.815230824691607836e+01 2.294250944376456403e+01 3.294211824405419975e+01 1.263850372883671014e+01 -3.421226990529406464e+01
0.000000000000000000e+00 4.204167242736962962e+00 -3.829869796356155121e+01 -1.083168921830586839e+01 -8.743976856942289544e+00 -1.073057829813843966e+02 -6.147050214756355047e+00 5.983506423249647099e+01 8.064475319926027908e+01 -7.779614068471067867e+01 -2.287210188868043588e+02 -1.448075451858153997e+02 -3.336851892812078404e+02
0.000000000000000000e+00 -1.246861058651676757e+01 -3.533988078348451722e+01 -3.866120341888772316e+01 -1.035320928661718654e+02 -1.312694057877192222e+02 -8.210012029162862746e+01 -2.112179279687426003e+01 1.267371471277282780e+01 2.755871212324628061e+01 -9.920589568687331905e+01 1.863063945265963071e+02 2.077917187478657013e+01
0.000000000000000000e+00 -3.708417879527817540e+00 -6.684147865687819490e+00 2.252332164714019314e-01 7.785252816060822312e+00 -3.697754873910398032e+01 1.119348549211186423e+02 7.667605361710228351e+01 4.599063815292522861e+01 7.642397706643066613e+01 -2.651113577775319641e+00 1.611701088525987302e+01 6.355677518458278996e+00
0.000000000000000000e+00 9.203091956773910454e+00 -2.738379834735445684e+01 5.039479732084213737e+00 1.463387309578891760e+01 5.040820405710536534e+01 6.728972853249011621e+01 4.916882850302231489e+00 -3.128196693354340141e+00 -2.337295690149684901e+01 3.355663853411726194e+01 -6.678795532032508220e+01 -6.526713854833876383e+01
0.000000000000000000e+00 4.496092133377777245e+00 2.405664131376397563e+00 3.132030277478068570e+01 7.719339985429422768e+01 6.977406503020901596e+00 -9.825236325635344770e+01 -1.052424168240385711e+02 3.520489660295213952e+01 -1.649555374076427938e+00 3.022192391213674512e+01 -4.514544445036592890e+01 -2.035956290738986922e+02
0.000000000000000000e+00 4.170380237192658157e+00 9.662673482133214975e-01 -4.871216542016512108e+00 2.115999271558556316e+01 1.570258601745207727e+01 9.661921890541947278e+01 7.308217536919556778e+01 5.815290403854596946e+00 3.547072232923315482e+01 -5.629184932606513314e+01 6.956398080504214931e+00 -8.301686901630675663e+01
0.000000000000000000e+00 2.026522875740393026e+00 -2.831592995884861352e+00 5.762520811123613029e+00 9.010645164789590922e+01 -5.792651102553589482e+01 -1.242763147876687526e+02 -1.053526971646423505e+01 1.880608381871024193e+01 7.448815800399951570e+01 -8.502555352769583408e+01 -3.963041997280940620e+01 -8.391658191770262931e+01
0.000000000000000000e+00 1.631581071055788712e+01 5.246668946911498210e+00 4.849346890516508068e+01 1.451573218468076618e+02 3.026946975032254272e+01 -3.482046720287563346e+00 4.813812137457680507e+01 -5.019066794384221453e+01 1.232539463949649132e+02 1.605815886315863850e+01 -5.343810708465852599e+00 -2.259740949877340199e+01
0.000000000000000000e+00 1.625300285616165041e+01 3.031713296993805073e+01 -2.965792719025916568e+01 -5.497880499798805687e+01 -7.953884379775273317e+01 1.194263981275086195e+01 4.038379541183634558e+01 -1.436449728547962934e+02 1.376326297308487483e+02 2.556123344711874665e+02 1.854090844748081963e+02 1.955487650054359960e+02
0.000000000000000000e+00 2.318705594358192812e+01 -2.068572408578020827e+00 -3.096755706640664130e+00 1.581088340132999903e+01 2.944164012788721152e+01 -4.917605711671568969e+01 -4.633292523969201682e+01 9.159569441700131165e+01 2.677663761151617905e+01 5.600018359668993639e+00 5.933455159012708435e+01 -1.673885954354243495e+02
0.000000000000000000e+00 2.789141292601851063e+00 -1.806435195938328775e+01 1.222209447613309941e+01 2.623669267842338115e+00 -7.287174939710237709e+01 -5.020298492134653401e+01 7.673779893265586338e+01 -6.491436504066805924e+01 -1.019751014437165679e+02 -4.270665124009336466e+01 2.970884458824006913e+01 2.715296006430251907e+01
0.000000000000000000e+00 1.342875213851831617e+01 -2.109957456946460752e+01 -1.273029087647219626e+01 1.307425987160250358e+01 -1.042564566771498278e+02 1.989359543465671010e+01 4.973847816926922860e+01 -2.326574351365717064e+01 -1.902772544282115064e+00 -1.882095908768988579e+01 1.342683612020623229e+01 -2.381074946157428940e+01
0.000000000000000000e+00 1.694465491268636725e+01 1.139736093434952124e+01 -3.237416237466907631e+01 7.985671987774509262e+01 3.957505735758732612e+01 1.934228184169779752e+01 -9.069444333637443378e+01 -8.528521164948838873e+01 6.450337420685849565e+01 -3.370832607390396163e+01 8.725687853441442599e+01 6.404143053158620091e+00
0.000000000000000000e+00 8.737341119939735279e+00 -7.636122340974552003e+00 2.252658918203748684e+01 4.296614561271297816e+01 -1.996631880964713446e+01 8.313935234308671340e+01 -4.136135201622376201e+01 -5.156526833375286856e+01 9.422610864347177539e+01 -2.337321021757593087e+01 -4.134837999164339806e+01 -9.949632838802595813e+01
0.000000000000000000e+00 -4.837090926105418909e+00 7.402205111252342817e+00 1.973001559571959973e+01 7.149418321354180250e+01 4.489800506971634775e+01 -6.885360391894977283e+01 -3.274837509824582327e+00 -7.039576102226433818e+00 2.039009399506582554e+00 -9.770617537766538874e+01 1.221191231959011674e+02 1.837302293239930577e+02
0.000000000000000000e+00 3.298328320695562699e+00 -3.936242042527524632e+00 -5.535859623135714003e+00 4.364376157767300413e+01 -1.955063382252327386e+01 -2.864740466654787099e+01 -3.207308426776825172e+01 -1.439264962335967368e+01 4.862748974103163846e+01 -8.601399552784342006e+01 5.795235458478572355e+00 -7.544203981355813937e+01
0.000000000000000000e+00 5.344478185609643717e+00 -4.762603141947400331e+01 -1.900510376492171360e+01 -1.202851188852460318e+01 -1.254082585570697859e+02 3.506013108837898073e+00 7.380389621156703583e+01 7.801913952456897050e+01 1.294380002909598488e+02 -1.043937700571072469e+01 -1.312512087895669310e+02 4.777327204423687590e+01
0.000000000000000000e+00 -1.569816928504865317e+00 5.615854867471611556e+00 3.282731056046965534e+01 3.911925652912051987e+01 6.449896956128976910e+01 1.148553346830198052e+02 3.556415961440148266e+01 -9.407057706126909125e+01 -5.621983908852152467e+01 -1.009395922586702312e+02 -5.001905567178478407e+01 1.392639193215573812e+02
0.000000000000000000e+00 1.230094469722027029e+01 1.203029118650330531e+01 3.492658624998570360e+01 -5.194826705130543587e+01 2.534170043197840982e+01 9.542005365786869220e+01 -5.261936574547632972e+01 5.966097391925660531e+01 5.002005066626433916e+01 -2.833945196701149882e+01 -1.017485248360705867e+02 6.554984330543149440e+00
0.000000000000000000e+00 -2.366273120099798533e+01 -3.259658915934669210e+01 -5.038493276226892448e+01 -2.979596868703210077e+01 2.483872401883009218e+01 -6.391906785151513049e+01 -8.245311694199251917e+01 -6.193514908942972852e+01 1.152851632333844236e+02 4.767160858067310159e+01 8.793201816427161077e+01 9.109740345595868405e+01
0.000000000000000000e+00 -4.165409416578708779e+00 8.488372248677791276e-01 -1.575358133706701835e+01 -4.485094097053165285e+01 -1.477352635943747572e+01 5.639787270388634965e+01 1.401580476651195895e+01 -2.406373562592094117e+00 8.759871768228475730e+01 1.323286175075959648e+01 8.249783524891967090e-01 2.293075601911702677e+01
0.000000000000000000e+00 7.487069443139210634e+00 1.323500960635738011e+01 9.891212096030611178e+01 -2.578926369939720331e+01 2.604299448147935436e+01 6.425259328279014426e+01 8.894316222256516369e+01 6.586274919393112270e+01 1.070789999514803696e+02 -4.083168756030417512e+00 -1.384104170825929145e+02 -6.959294674913512324e+01
0.000000000000000000e+00 5.417943845332755082e+00 -1.628635925426235076e+01 -2.494058147230964551e+01 5.141423785563617344e+01 1.490098717599389886e+02 1.075501613608922753e+02 1.049039560430798446e+02 1.329782491962186839e+02 7.899793243707823365e+01 2.746440843351716410e+01 -6.561922896894230917e+00 2.309397803138689369e+02
0.000000000000000000e+00 2.835608284909070242e+00 9.054532505442068668e+00 -1.962218704039462125e+01 -9.548647566116488861e+01 1.118113016499542312e+00 -5.022145341592288759e+01 -1.009672796387334159e+02 -6.858142110249909251e+01 5.070420303918751870e+01 -8.380704231610046406e+01 -1.701416520485873320e+02 5.015713596642498118e+01
0.000000000000000000e+00 1.761594431543907646e+01 2.254639179948435412e+01 1.771620540512643771e+01 1.809721243950759728e+01 7.305581294157221350e+01 7.782414134645216564e+01 4.035043497365251142e+01 9.354501245822115152e+01 2.438553483981848444e+02 1.274637089031798496e+02 1.070353345620527818e+02 1.036046557473645606e+02
0.000000000000000000e+00 7.204708476148663721e+00 -3.311365573687737651e+00 2.277572371906838455e+01 3.853884853200003846e+00 3.709138829544970406e+01 7.433840656240558076e+01 -3.009806140972632704e+01 6.748341844868960493e+01 5.040828259734909267e+01 4.669161828194290109e+01 1.150380097533630419e+01 2.658203878867152525e+01
0.000000000000000000e+00 1.454054881163041557e+01 2.215998426744617689e+01 -9.275302502792015957e+00 -5.367840036253323888e+01 5.387346388955560883e+01 1.141178920117229438e+02 -5.069327982835424962e+01 -2.088011467329860693e+01 8.299526398967849161e+01 -1.327114794179648811e+02 8.525327698301431667e+01 5.660815835275760577e+01
0.000000000000000000e+00 1.271031355736824686e+00 8.167860994918399342e+00 2.685035202152882050e+01 -4.840075145712949478e+01 5.592677470147687302e+01 1.167889417214991283e+02 2.799431017148858913e+01 -8.551514711050018036e+00 1.291919565494094400e+02 9.547854724103849833e+01 1.406686197154257343e+02 8.855103749770223942e+01
0.000000000000000000e+00 1.828327736295929640e+01 -1.803638475342417280e+01 -1.903540185165983445e+00 3.223325150096650304e+01 2.179205848635805864e+01 6.570218256965563342e+01 1.011881822464540477e+02 1.050303737513958140e+02 1.290737710718575215e+02 2.475653686365851058e+02 1.898455331076376922e+02 1.935989675022910319e+02
0.000000000000000000e+00 7.160244296997448465e+00 6.510391552898653345e+00 -1.327378940054954981e+01 4.856669894717590807e+00 1.369025374315195620e+01 1.709701574098204091e+01 5.661565963519706202e+01 8.842248096570166638e+00 4.267761838526883622e+01 -1.478498451497863471e+02 9.180919423304817428e+01 1.651511356598817315e+02
0.000000000000000000e+00 3.530237945921030018e+00 -8.866185237975670930e+00 -6.337304742127935953e+01 -1.277720087985833430e+02 -1.438778868285883163e+02 -3.942261380550495886e+01 -1.439716210649996526e+02 -1.019681515473032505e+02 -3.617413525725459067e+01 -1.612665940883336475e+02 5.701020291526702977e+00 -1.098571598641714075e+02
0.000000000000000000e+00 1.884927446366636516e+01 9.077674214384373386e+00 -2.755676175676219231e+01 -5.709502648791038837e+01 -2.626203245869525915e+00 -2.088922008228264104e+01 3.326183649411082399e+01 4.124078127574522057e+01 3.548540071976247390e+01 -3.876087402738312448e+01 -6.810916792925937102e+00 -1.294426294527222865e+01
0.000000000000000000e+00 -1.058273355647745717e+01 -2.423830862393077723e+01 -3.933004506474127027e+01 -1.099807098795503890e+02 -2.176863929553346111e+02 -2.222081773073753936e+02 -5.925486353395973538e+01 -1.823689821522891066e+02 -2.562032176833374706e+02 -3.156158190293861026e+02 -2.676589656480620647e+02 -7.403359986943904403e+01
0.000000000000000000e+00 1.405450470115441775e+01 1.439027630062189189e+01 -1.613772995502142038e+01 5.413314315690028877e+01 -4.697696835281637107e+01 -5.819984713509433760e+01 7.981932925754891883e+00 -4.706667460469986963e+00 3.037618123756323740e+01 -9.559453785426897809e+01 2.076176887708109575e+01 5.755911288977049622e+01
0.000000000000000000e+00 1.420333160042332565e+01 3.123650294812519235e+01 2.724783761933367998e+01 -6.159958383633497903e+00 3.129355419435512431e+01 5.844448268798451096e+01 3.599196624062826544e+01 2.869377166120720801e+01 2.272171092243457906e+02 1.972318162942288211e+01 -1.969367861256101548e+01 -8.312746043280490937e+01
0.000000000000000000e+00 7.099835814838430181e+00 -2.014789699913646359e+01 -1.039850152503490932e+01 2.812273078899329093e+01 5.576105055330296523e+01 3.570644093381336859e+01 -3.266640232983154846e+01 -3.286583618610495705e+01 -4.488830615800102919e+01 3.612421869886517811e+01 -5.012393258179552902e+01 1.424904303846132336e+01
0.000000000000000000e+00 1.863938585657984959e+01 -2.691287715661204061e+01 -4.489587064999918908e+01 -2.455353619122388409e+01 -6.161954077433993149e+01 4.664060688977939151e+01 2.551319804029781579e+01 -2.984770809446419548e+01 -1.904183296059407837e+01 -2.438065439877560436e+01 -6.333803503441956195e+00 1.478851307087511202e+01
0.000000000000000000e+00 9.011402813187077143e+00 -2.906344024164351936e+01 -2.405957759168612853e+01 -2.238082142306226530e+01 4.218328681606482178e+01 5.541799979355047867e+01 5.840450724382405667e+01 -6.497930920683705835e+01 -3.247992619640253054e+01 3.750134353260691711e+01 -2.633625784858125485e+00 6.638895470800463272e-01
0.000000000000000000e+00 -5.237904173929355700e+00 -2.861038154915949860e+01 -7.404518607638999583e+01 -9.809889364269064060e+01 -1.107805638174896501e+02 -1.324482645250134567e+02 -1.318455676074503060e+02 -6.137365082725015952e+01 -2.727570428265021008e+01 -1.291927756956036433e+02 -1.109014590336784778e+02 -1.110677033759522203e+01
0.000000000000000000e+00 5.733601042692010985e+00 6.555676088419531311e+00 4.179756215130646524e+01 3.968572781259580040e+01 3.420493983979417862e+01 1.125868267482734666e+02 -3.610780528980189530e+01 -2.881770873712777359e+01 5.636502968097329358e+01 -8.759303245220341694e+01 -6.019495711089670920e+01 -7.719787011631250095e+01
0.000000000000000000e+00 3.522838770071014203e+00 -2.720472542491607726e+01 -1.680069404938694788e+01 3.966112368229242691e+01 1.187336882738341615e+02 8.447526897038609661e+01 -6.244970112224349634e+01 -5.621890372750630149e+01 -8.363377605711173146e+01 -2.752437509597132248e+01 -1.274463305377913969e+01 9.235149065858365702e+01
0.000000000000000000e+00 1.234734228801422873e+01 -1.462584894720198747e+01 7.402454223939040290e+00 1.769177172090310179e+01 -1.528226413311600140e+00 3.657827392918721898e+01 -3.296522098999385975e+00 1.878863269060002494e+02 1.759439372873599723e+02 -4.833599721791902937e+01 -1.415217187850474261e+02 -2.623251767565260195e+01
0.000000000000000000e+00 2.583270052808959960e+01 1.043305665606627031e+01 3.770721755056200664e+00 3.524592559703918937e+01 -2.483089790473687231e+01 9.566224080910853900e+01 -2.307370902893889308e+01 -3.615986281910284106e+01 -9.225344840884014275e+01 -6.688970793747999721e+01 -1.653165436353063455e+01 4.417386109281969198e+01
0.000000000000000000e+00 2.653429434191358283e+01 2.681105808475447816e+01 1.846301061248337660e+01 6.513602591639583750e+01 2.226553328541893961e+01 1.090383678514006363e+02 6.549669179144268583e+01 1.019472312702374666e+02 -1.707188821249410182e+01 -1.634063389529866583e+01 2.183799437029448995e+02 2.033813884162763088e+02
0.000000000000000000e+00 2.474522185293791310e+00 8.036768957642024702e+00 3.273054805912036613e+01 7.882778244579326099e+01 1.409337694068139797e+02 1.964072602303782276e+02 -4.316341597237705230e+01 5.998979544365532490e+00 1.048995829504831647e+02 3.989258230955392293e+01 1.160373884950576837e+02 1.907583752637942780e+02
0.000000000000000000e+00 1.031963921825562025e+01 5.101958455040509222e+01 1.502676059972838551e+01 6.753250364015057983e+01 5.964167605209793521e+01 1.660851422761808749e-01 -1.266935316912997962e+02 -9.033211633820030784e-01 1.858251302195912729e+02 -1.522427021497517785e+01 -2.390759662460870061e+01 5.727635058426290016e+01
0.000000000000000000e+00 1.734444359533351410e+00 -1.487341173633986102e+01 -4.429048784839050512e+00 -2.180709756021510515e+00 -7.082742801817474287e+00 -9.274765761447753221e+01 -8.588349513580654104e+01 -1.010894715316758266e+02 -2.270693175201728593e+02 -5.563861691751502292e+01 -9.643815186750971691e+01 -7.698596250219178216e+01
0.000000000000000000e+00 4.291979913970372706e+00 -5.295874443455190317e+01 -8.227626824451488119e+01 -7.422338213592320244e+01 -7.040950994598865975e+01 -9.893464515113396374e+01 -1.394933698930048251e+02 -1.559539514767136836e+01 -1.105945765492825217e+02 -1.587294604376277221e+02 -1.657076898985437197e+02 -9.416082207679021110e+01
0.000000000000000000e+00 -1.799642410551355809e+01 -5.077744420995227870e+01 -4.130902709275436280e+01 -1.169580275325927765e+01 2.975153248094676428e+01 -6.822107125976694419e+01 -3.344636547008107641e+01 5.718089723999402452e+01 -8.991342354105063350e+01 4.296098557344596003e+01 1.750139692622494181e+01 -3.651028453036545329e+00
0.000000000000000000e+00 -2.061098904649533026e+01 -4.033288168078206581e+01 -7.189526308072265692e+01 -6.347045473651643022e+01 -1.227650820499336248e+02 -9.073612001244399039e+01 -1.048531121302228541e+02 -1.455984562292242970e+02 -9.678216400641522910e+01 -2.539938760955521957e+01 -8.370349091076361958e+01 -1.882202449407599829e+02
0.000000000000000000e+00 8.767220779846752521e+00 -7.638906363267849997e+00 -1.623356659317033035e+01 2.559905952240882243e+00 -6.354997035757662616e+00 -1.502353766868045426e+01 -3.951806806605702604e+01 -6.906006334012292314e+01 -1.608799063380812413e+02 -2.349344349409994379e+02 -4.931047046316322735e+00 -3.748673768175193288e+01
0.000000000000000000e+00 1.726376824643934604e+00 3.682405324046995787e+01 -1.297507475561299017e+01 4.876229854166705735e+00 -5.240397343875979175e+01 -3.841340430160003194e+01 -5.290619890324730079e+01 1.450136549801147794e+02 1.282489089228738521e+02 -1.145861007298146745e+02 -1.151965797202809512e+02 1.989535362953897391e+01
0.000000000000000000e+00 2.346860614585406068e+01 4.663366519949036615e+00 -1.844427572182102892e+01 -1.184719377433789589e+01 -1.133790734168780290e+01 -1.540520815447718661e+01 -2.746541661950809754e+01 2.584203676263278737e+01 1.847546676892214350e+02 1.521631571968308094e+02 -6.441835111632254041e+01 -9.389806325559148092e+01
0.000000000000000000e+00 -2.976028905135185809e+00 1.673757584822709532e+00 3.665196792330098674e+01 -4.021014977160785975e+01 2.021856536316215625e+01 -5.329357940805287086e+01 2.302293727700462256e+01 2.524018188681092170e+02 3.169558510466233656e+02 1.199025411941779282e+02 -3.160704189068745507e+01 -9.424649023445657292e+01
0.000000000000000000e+00 -8.417308678175263736e+00 -3.916215471208803933e+01 -1.179213131937359194e+01 8.055762422455475757e+01 9.890683602626151583e+01 5.116585013989148223e+00 2.585781160804496182e+01 3.952488997647239444e+01 -3.566535481429345111e+01 -5.724838434792549435e+01 -1.244501208726264423e+02 -2.085620627669022724e+02
0.000000000000000000e+00 2.289590793976719496e+00 -4.270408712439319743e-01 3.789149742919479991e+01 -2.400003022775117856e+01 -1.094465397682559171e+01 -1.793716351839942291e+01 -3.501806583521803162e+01 1.583864099838227446e+01 5.202442851637744781e+01 -5.488716967899374310e+01 -6.042219759223469566e+01 7.173270285631951992e+01
0.000000000000000000e+00 1.033376307923904491e+01 7.751535651795364856e+00 -1.661151609029841580e+01 -5.052736451924749872e+01 -4.891229991809125721e+01 1.410144407617218576e+01 1.034550916333839687e+01 7.089183666907874226e+01 8.468238243161749779e+01 -3.546083614018621688e+01 2.755338254820209443e+01 -3.422705528226204308e+01
0.000000000000000000e+00 1.816954109560700914e+01 1.317079978920118322e+01 -3.285317019948539752e+01 9.814746026398712075e+00 1.014642036746735698e+01 -2.313696042313536338e+01 4.090981914158680866e+01 4.016443362512487170e+01 -1.012176837607787832e+02 -1.834315958211435031e+02 -1.036414603893611286e+01 1.293622273030864278e+01
0.000000000000000000e+00 -2.392266478029519661e+01 -7.665660082408894027e+01 -6.084949506423760823e+01 1.608022327701986498e+01 1.982983471040199674e+00 -2.303641067505914464e+01 3.352915014119419368e+01 -1.574354931197463259e+01 -1.116120480407929563e+02 -5.063072609002854563e+01 4.911184271440676952e+01 -5.653615326316666767e+01
0.000000000000000000e+00 6.937840083823555659e+00 1.853452626832221029e+01 3.626736704896824648e+01 7.143249360736052722e+01 6.427505337139700714e+01 -8.272199362608503748e+01 -1.238948632635723470e+02 4.232631078242393130e+01 2.201028535876444892e+01 -4.730601604846332009e+01 -1.041542344519452428e+02 -1.498785793852236736e+01
0.000000000000000000e+00 -3.356632186847452459e-02 8.279065898473916718e+00 1.074189191151361200e+01 4.134021876655999961e+01 5.990953916397215551e+01 -1.526714325303060775e+02 -1.256717634421340222e+02 5.452199355572044226e+01 2.900108220954296456e+01 -3.033009397631515469e+01 -4.813526973236095330e+01 -1.329401823045144226e+01
0.000000000000000000e+00 1.888057770999886920e-01 -2.264492980793315269e+01 -1.808326104884762486e+01 5.888939113970472761e+01 -1.831887130732414448e+01 2.751534966372843272e+01 -5.302901093081037232e+01 -4.022466586501039387e+00 1.450319113327101661e+01 3.692480081506620593e+01 -1.384810809206455247e+02 -2.068280003912183247e+02
0.000000000000000000e+00 1.073045329325693586e+01 3.899300546958490798e+01 4.932616249122812491e+01 2.432464294601212274e+01 -6.643592775674288475e+01 1.099398634872081004e+00 6.483337172180215191e+01 9.222225444968820796e+01 -3.350214946062195054e+01 9.187010307921119079e+01 5.056768241204810721e+01 6.514459642550619378e+01
0.000000000000000000e+00 2.153971044473426133e+00 2.629056413867806441e+01 1.012932785669836733e+02 5.960455294959245975e+01 -5.689617541176131965e+01 6.844153328640079792e+01 -9.657485521617328317e+00 1.584558983905760243e+01 -9.945356902455418435e+01 -3.377382356523185081e+01 9.723554630676404997e+01 4.772243060304820261e+01
0.000000000000000000e+00 -1.625348368939968147e+00 -3.056546634607690294e+01 -2.142360593081530595e+01 4.197059467792172427e+01 -2.330823647233624030e+01 -3.886214381375457805e+01 -2.197900799523649340e+01 -1.295792722063362135e+01 -8.350361530223310069e+01 -1.612460649617511876e+02 -8.693612771209252799e+01 -1.470677312426759897e+01
0.000000000000000000e+00 -1.184320203497278712e+01 1.163934833817151571e+01 -1.351546372086870207e+01 7.216780660686016802e+01 4.487579463680559400e+01 -7.770387304022492003e+00 -1.297435161069263074e+02 2.023454955212595507e+01 -6.235821504467295995e+01 -1.146979740005156145e+01 1.896363978498710026e+02 7.290154754245148183e+01
0.000000000000000000e+00 -2.661879547635133392e+01 3.801576662529298289e+01 -9.728029942087374593e+00 1.253266839921509046e+02 4.647812435395555042e+01 1.116039227789846677e+02 -5.117094184929479184e+01 1.548118560993708002e+02 -8.991096136666701000e+01 1.253752645561606016e+01 6.394590408067645626e+01 1.111883418252250522e+01
0.000000000000000000e+00 -2.238883577249329448e+01 4.925245055145352069e+01 -2.083399615761653934e+01 1.076859772092427789e+02 2.950821899204180454e+01 8.137598921606135605e+01 -1.312095450810440127e+02 1.972199087995663547e+01 5.567340480199646890e+00 8.394700108686110696e+01 -1.999542383284358493e+01 2.313613112648630477e+01
0.000000000000000000e+00 -3.787005441771115954e+01 4.268145714801185164e+01 -5.635266235572711224e+01 8.350883602645721737e+01 9.833225927787424325e+00 1.042238578129305893e+02 3.764866530198578687e+01 -1.594657788270004062e+01 1.434488128381372007e+01 1.641646962371721088e+02 9.659809643264496515e+01 6.732377598377965455e+01
0.000000000000000000e+00 -2.157305119153098971e+01 3.070434852486852151e+01 -7.198049342406474693e+01 8.158055120053846565e+01 5.933166542426647538e+00 -6.929266730777317207e+01 -2.387058129231795363e+02 -4.613590450742434257e+01 -3.627671989212470294e+01 -5.840775924803129726e+01 -1.752594923248139480e+00 -1.195154243139033809e+02
0.000000000000000000e+00 6.130254933150943941e+00 6.862773126674245816e+01 -9.340424882642977877e+00 2.852461678568637993e+01 -1.315860993815576876e+02 1.795913373753794673e+00 -1.116151483580564303e+02 2.018689862066553786e+01 -4.639544403001602291e+01 -6.354434174432974203e+01 5.705829263542438667e+01 1.286727069844405378e+02
0.000000000000000000e+00 1.863767600151382098e+01 9.360917652528932820e+01 -3.275190272348150700e+01 -3.793491848937384248e+01 -1.087848618990557554e+02 1.977345706287836435e+01 3.743226823383027480e+00 -1.107029802229293125e+01 5.609907124609713946e+01 2.977274522560664138e+01 9.067379653362964120e+01 2.021033608572879530e+02
0.000000000000000000e+00 8.698831884419503169e+00 6.025590139206595097e+01 -2.303643481879110055e+01 -2.896590446003424191e+01 -1.008130920933848955e+02 9.004627974617014274e+01 -1.287455640031334383e+02 7.433331517532724320e+01 9.323609712537577821e+01 -6.966861916036265256e+00 3.370980675968817764e+01 2.562127358998107525e+02
0.000000000000000000e+00 5.505959589822706057e+00 6.343164830050689318e+01 -2.309190004519432904e+00 -1.028050751733636190e+02 -1.074796764283541677e+02 5.447743521811817402e+01 -1.784412215649453231e+02 -7.479785118044350156e+01 1.058948201791957899e+01 -1.503022456135988705e+01 1.101164781985335850e+02 1.386464077686582073e+02
0.000000000000000000e+00 1.765870054116251708e+01 1.067073577506132693e+02 5.696500077552723695e+01 -9.249763588314718277e+01 -2.056002410749846661e+02 -2.291255928746544157e+01 9.294513444834979055e+01 8.722798279385256137e+01 -2.098260660235308706e+01 -1.076918558805426045e+02 1.829830016239939141e+02 2.143453161134253833e+02
0.000000000000000000e+00 7.776066399639994131e+00 3.610210537430671707e+01 4.439234069822587614e+00 -4.249355611219156259e+01 -1.424848589484508068e+02 -1.134075175637297548e+02 -1.613531749031031381e+01 5.753230968733969064e+01 5.662386286114956135e+01 -1.898637561309076887e+02 7.654619179350072500e+01 1.142313573723811260e+02
0.000000000000000000e+00 6.164047030248457126e+00 -1.251372165063878583e+01 3.115788019217475835e+00 -3.794964319138918540e+01 -7.945949365523296137e+01 -1.513028320614680808e+02 -9.611658808946852162e+01 -1.943567277349349354e+01 9.902209168592308686e+01 1.232458586617510292e+02 1.027727145196244152e+02 2.771749070169920515e+02
0.000000000000000000e+00 7.066381438003625171e+00 5.006439795120613212e+00 -3.457934663049684332e+00 5.790314876344464778e+01 -2.453901399838922259e+01 2.912630949426591087e+01 -8.734768942799182412e+01 -7.745319811333357052e+01 -2.901500503790683183e+01 7.533082394096695111e+01 -1.094361038438596978e+02 -2.013574275248180356e+02
0.000000000000000000e+00 1.497032824902589354e+01 -1.197284959140627336e+01 -2.653400775925996413e+01 4.202035813003062970e+01 6.763829394225297165e+01 7.663306968447237466e+01 3.979578963632883415e+01 2.303676112502105155e+01 2.539230083771096247e+01 1.766231589432324256e+01 9.467729353147802840e+01 1.835218988577473453e+01
0.000000000000000000e+00 1.807261553899804341e+01 1.771350340427756009e+01 4.361999431599896582e+01 5.893294789687837465e+01 5.546809953060663645e+01 9.718278125323671190e+01 -8.150349472508563053e+01 -1.131338190784061055e+02 6.720694010887218894e+01 3.797121237663134963e+01 1.300710063022614236e+02 1.448905743810113904e+02
0.000000000000000000e+00 7.555925082025494177e-01 -1.365498691611156801e+01 -1.928959272810671166e+01 9.318691253966268562e+01 9.404879768997304268e+01 6.654368691976011974e+01 1.977997930849307551e+01 1.668667178451229205e+01 1.537517641401121296e+02 -2.133721104245898914e+01 4.313045554407798932e+01 5.234490180023848183e+01
0.000000000000000000e+00 -3.491154186557205996e-01 -5.611621011799718417e+01 -1.753536664423506863e+01 -3.199553732702690212e+01 -9.197196949190640680e+01 5.199372498973433210e+01 7.442926792807161007e+01 1.125579978393503922e+01 1.440080946922263365e+02 1.822710649430673016e+02 1.820290948358243668e+02 7.460080073585545790e+01
0.000000000000000000e+00 -3.475044029403694168e+00 -1.136875077930902194e+02 -1.136227875725701608e+02 -3.732396941249512423e+01 -1.062001587140080545e+02 -2.465391303795964717e+01 -1.224553852517531638e+01 -4.839207875341983822e+01 2.765024176891604668e+01 8.145193280555784554e+01 1.584961299110204607e+02 -8.763524652437085649e+01
0.000000000000000000e+00 -2.532683464627765169e-01 -1.087411763207757076e+01 4.457497435450603973e+01 7.211671124556197299e+01 1.840789587002045380e+02 1.793109777165584831e+02 4.767691189325247336e+01 -8.942255048361693071e+01 6.209825575663037966e+01 -4.566825817394051512e+01 -1.107625985073300541e+02 -7.737122794457569341e+01
0.000000000000000000e+00 1.188462156339458176e+01 4.760880357537388363e+00 1.069240423415936547e+01 -5.317911517317449466e+01 -1.802076164303988435e+02 -1.154706145426367669e+01 3.846131185574186873e+01 -5.802061831012672144e+01 1.291744632455245210e+02 7.718675221057854685e+01 7.447457864676903228e+01 6.211770041799162811e+01
0.000000000000000000e+00 -7.709308852384089583e+00 -6.633834968654400654e+01 -4.679856433071849153e+01 -3.260992259833957974e+01 1.387543565996566031e+01 5.482331664333937482e+00 1.116763578971926485e+01 -1.221225656820486734e+02 -6.843665387333737726e+01 -1.990927342774216413e+01 -3.178415925978437429e+01 1.692431792805930399e+02
0.000000000000000000e+00 1.229703732248673020e+01 4.232999639252184920e+00 1.185361537616939742e+00 2.250191214087887559e+01 6.073994217620116842e+01 7.403883256402288282e+01 -1.228630238970842470e+01 -5.871495082101773733e+01 -8.666762656523189889e+00 -7.842201998807540519e+01 5.792748080495248075e+01 1.230522236078674325e+01
0.000000000000000000e+00 1.830818142524881864e+01 -4.365380962051290226e+00 3.929498086529000034e+01 1.530790084150304509e+01 1.973662321091072158e+01 4.740202811654975790e+01 -3.613148104408784889e+01 7.224272645371797807e+00 6.123017929344817389e+01 3.749079474901124343e+01 8.146929485567774520e+01 -1.492615761675243391e+01
0.000000000000000000e+00 6.578811365913010967e+00 -2.073469738842028676e+01 8.016716346824495076e+01 7.483981541189895381e+01 9.004859354676452199e+01 2.253152467489888409e+02 2.003073396127605861e+02 1.795119037459091942e+02 1.675301574682436012e+02 1.607684906183040425e+02 7.760668717308153930e+01 -1.458383708226111253e+02
0.000000000000000000e+00 2.307323379896322635e+01 2.006107073519743267e+00 3.173518708755599249e+01 4.956338866034467117e+01 5.212804990577637909e+01 1.249351429214641200e+02 1.072553893583501150e+02 5.509670627786624664e+01 1.534177134538000473e+02 2.494728147879531122e+01 -7.147065715771431371e+01 7.392961428020132075e+01
0.000000000000000000e+00 1.083755633149748832e+01 -2.868974538793092677e+01 -1.448820703548494038e+01 1.671284784486517694e+01 2.736928598899328335e+01 1.229101655778691793e+02 1.945736176975857461e+02 1.213739953716672346e+02 1.048745618549474159e+02 -3.687136050263262632e+00 1.349861978369517885e+02 1.132956109221944985e+01
0.000000000000000000e+00 9.437436142199683076e+00 -5.122177468678799528e+00 3.765114290936447361e+01 4.773543284510641627e+01 -5.091677667101836136e+01 -6.871444672833303002e+01 -1.075817600630655733e+02 -4.177660157220714154e+01 2.119321316034081804e+01 8.425425074306718898e+01 1.883698799844463281e+02 6.457626337701819352e+01
0.000000000000000000e+00 -9.923347235401134725e+00 -2.557740322784968612e+01 2.853142558329261291e+01 1.123674123002360972e+02 1.021332843067101237e+02 8.905249292293322583e+01 1.184158895266474048e+02 -7.401824829431177477e+00 -2.047100547839319518e+01 1.539936196790930012e+01 -6.078944394047242383e+01 4.406765353273748076e+01
0.000000000000000000e+00 3.092387388457124686e+00 -2.854512371197964171e+01 1.481526927832286056e+01 1.070748499841936479e+02 -7.885149717997968821e+00 1.566238786185238041e+01 1.657826167858299726e+00 7.898278123375868631e+01 7.375671047694879690e+01 -7.703537939190427153e+01 2.466176003336495626e+01 8.421611664691428700e+01
0.000000000000000000e+00 -6.887819340813739366e+00 -4.101522222274593332e+01 -4.406023687666436928e+01 5.863245591962225944e+01 9.899742796822121704e+01 3.835515107265720758e+01 3.418513032466891843e+01 1.891333007502765184e+01 3.983901610951386374e+01 -5.382775737690839435e+01 7.495585403628143695e+01 1.715655485547738408e+02
0.000000000000000000e+00 -2.605729617282115385e-02 -6.909898528369339488e+01 -2.201799870590264874e+01 2.167762249393057061e+00 -6.606915348265954435e+01 -2.438559118830841044e+01 -9.087532734993757799e+01 -4.046088607181700070e+01 -7.380460977643230081e+01 -1.783447864490803454e+02 4.337598325431022772e+01 1.133066165770010230e+02
